896,923.5
1096.94,916.943
1057.5,901.074
1066.5,896.5
718.37,825.074
966.643,823.821
1254.67,821.333
980.657,817.172
826,803.667
836.289,804.158
1241.76,800.476
955.222,799.244
1092.47,793.333
1425.69,790.556
916.069,785.5
680.617,730.309
608.315,728.222
760.5,714.5
1107.4,712.667
795.535,707.648
1357.82,704.039
1252.2,704.046
955.901,702.234
923.363,700.257
1391.47,696.6
666.409,697.71
587.867,696.133
1124.6,696.103
913,695.625
751.639,696.028
1130.78,688.444
756.377,688.971
856.284,688.506
737.556,684.898
1041,679.5
724.924,679.867
594.304,679.549
822.5,671.417
771,670.667
1072.86,670.262
761.625,670.292
555.5,641.5
609.864,628.309
684.796,626.194
648.083,608.167
671.926,605.926
1014.62,603.927
1003.77,604.415
656.333,603
1419.67,601.667
1256.76,599.619
996.462,600
1169.91,599.722
663.27,599.111
1053.51,597.333
1043.08,597.181
986.953,596.812
742.977,596.447
803.763,593.022
596.951,590.02
1148.03,588.151
753.319,590.129
663.583,587.667
1399.8,586.431
1079.26,584.185
1430.5,580.5
1146.5,577.5
840.909,579.636
1237.19,576.714
784.63,577.074
640,576.5
1164.1,574.095
772.808,577.142
947.662,574.929
746.863,574.784
939.627,570.693
757.598,577.105
1244.21,570.305
1178.08,569.723
1143.05,568.128
1087.71,569.194
830.318,567.273
1098.39,566.561
1278.42,563.718
819.762,563
959.908,562.77
721.922,560.192
1107.67,552.667
698.667,552.333
688.556,552.905
660.682,546.682
690.819,543.581
692.667,536
709.543,522.84
704.828,515.232
662.896,511.704
693.444,505.044
656.333,498.333
616.956,493.111
1244.87,486.133
1128.93,485.852
891,483.5
866.131,483.702
903,484.497
1386,480.5
1162.41,482.054
1124.67,480.867
854.222,480.444
822.222,480.444
1141.09,481.73
1000.11,483.246
702.167,478.25
986.333,476.758
368.667,474.667
1135.01,474.163
817.533,472.6
711.119,477.002
804.491,471.14
659.591,472
605.667,469.333
722.487,470.369
696,465.75
1233.18,464.162
936.147,462
680.53,462.727
1016.78,458.556
760.889,465.558
715.25,461.227
885.239,459.097
835.727,455.212
649,456.75
1101.76,455.833
872.889,454.291
1167.16,451.956
747.859,455.304
1032.25,452.673
813.911,456.006
769.518,453.037
696.444,450.778
1300.73,450.825
1215.22,450.511
1179.72,450.394
1114.42,449.471
652.667,447
1000.38,444.708
776.222,444.444
1301.5,443.5
1014.37,446.794
785.863,447.27
722.319,438.312
713.667,433.667
658.167,431.333
648.667,427.133
610.812,428.021
705.522,425.05
672.556,422.111
683.595,417.69
602,416.5
706.039,413.373
695.5,415.214
665.808,412.889
638.654,411.808
695.69,399.405
673.678,398.622
666.889,393.611
702.583,393.5
680.894,395.071
710.511,393.111
674.467,389.733
660.778,389.222
648.333,384.333
682.286,383.095
699.111,378.901
669.139,377.958
657.556,376.083
840.367,374.933
678.467,375.167
757.914,373.747
1096.74,371.679
1044.73,371.923
902.778,368.444
578.928,369.449
912.977,370.128
889,369
876.667,365.333
701.167,366.5
1119.44,366.972
787.772,365.175
712.42,367.863
1167.17,366.167
867.815,368.301
759.716,364.843
685.109,367.522
1090.74,362.956
895.093,363.056
1300.89,362.333
1132.26,362.778
941.942,359.101
1157.56,358.079
983.103,359.159
846.438,360.631
702.039,357.275
1232.67,356.847
648.5,354.5
1035,355.758
810.691,354.864
1222.32,355.131
830.479,355.935
866.926,352.37
695.542,350.806
1311.67,347.333
940.597,349.514
792.575,352.782
782.441,351.098
984.138,348.196
918.011,345.831
906.905,342.095
1305.12,342.538
1319.76,341.514
861.323,341.661
850.627,340.693
1245.79,341.565
1036.76,336.476
1028.55,338.325
763.5,337
942.75,337.75
1049.5,332
928.038,333.038
734.733,331.8
1308.5,328.867
1062.33,330.123
680.778,328.444
670.929,329.286
748.768,328.394
1015.5,326.5
1192.87,325.5
1171.57,325.569
641.677,327.293
764.382,326.265
771.477,326.81
633,321
662.548,319.584
666.434,307.051
702.658,301.444
610.151,300.909
682.054,293.989
700.064,292.492
537.167,284.917
693.212,284.509
645.352,284.252
660.678,281.195
672.759,280.95
648.333,276.667
632.5,277.333
652.219,271.188
698.016,269.013
667.55,265.85
709.278,263.431
770.524,260.238
1017.26,259.738
951.6,260.1
941.702,260.298
597.524,259.238
757.333,258
847,256.5
807.583,257.5
730.954,259.759
967.485,256.485
749.509,257.246
699.681,257.203
655.078,256.373
1257.67,253.333
1059.24,255.619
925,253.333
916.21,255.238
1189.33,252.667
1069.51,254.852
739.03,255.075
761.667,252.542
864.619,254.646
773.301,252.503
1114.06,251.222
1215.09,249.045
1142.13,248.961
1179.2,246.533
992,246.6
766.667,246.667
662.85,245.667
1193,245.238
1101.52,248.136
857.167,244.833
681.163,245.846
1294.67,244.5
784.867,242.667
760.778,242.444
724.778,242.756
1308.92,243.415
1438.53,240.733
645.439,241.333
988.429,240.75
956.331,243.451
926.667,238.667
1071.15,240.357
946.178,238.667
1082.94,241.278
730.361,235.944
1109.37,235.386
1031.6,234.533
1144.22,235
671.315,234.111
1153.72,230.136
796.534,231.429
1028,227
1002.71,227.81
875.021,227.922
864.715,229.299
767.375,228.052
1040.14,227.483
776.6,225.267
1318.67,224
938.371,226.72
1128.25,224
739.25,221.667
804.222,220.556
1264.97,222.127
1159.55,221.417
653.404,220.491
639.5,219
1101.7,221.13
996.121,218.97
813,216.333
702.954,219.873
617.394,216.939
1035.73,218.513
674.758,215.97
1135.73,216.444
862.222,213.556
876.911,213.833
786.849,213.773
762.35,213.4
943.326,215.861
826.37,213.167
1326.67,211
797.333,214.136
750.041,216.09
693.453,212.276
656.5,210.5
595.467,201.733
613,196.5
661.594,186.772
626.675,186.812
616.5,184.5
652.067,187.013
616.5,181.5
639.774,183.376
671.2,174.7
638.562,173.125
625.568,175.981
660,169
677.317,165.8
614.851,165.276
607,160
684.556,156.778
508.201,147.458
921.476,145.238
830.5,144.5
761.37,145.074
685.219,148.184
1263.75,144.833
615.767,146.167
753.111,142.956
1107.78,140.778
931.19,142.46
784.368,140.161
773.159,140.516
850.867,138.133
908.265,140.646
796.678,140.515
902,134.5
1115.81,137.528
817.15,135
1047.19,130.704
924.612,134.175
795.489,131.426
1170.05,132.222
807.533,129.733
1222,128
1002.5,126.5
986.141,127.828
842.449,129.754
1146.95,127.894
774.28,126.086
1171.5,124
1094.69,127.714
1014.81,125.19
606.222,124
884.782,123.577
736.154,123.667
654.99,127.149
663.743,124.133
697.777,125.125
634.567,122.417
764.667,120.205
745.993,122.63
790.345,119.345
677.193,120.912
753.845,118.667
726.762,117.714
1047.25,116.938
970.267,115.533
865.782,116.253
966.75,112.833
837.133,112.867
1283.08,115.278
750.614,111.754
1140.18,109.772
1025.82,110.045
828.341,112.804
779.867,109.133
904.979,110
898.54,109.08
664.855,113.286
697.556,108.417
1183.58,108.363
1035.67,105.333
737.246,108.852
685.038,107.782
587.778,105.556
1074.7,105.444
1013.47,107.156
1002,105.5
759.867,105.333
1232.44,101.778
769.933,104.339
1317.79,101.8
748.492,103.504
822.974,100.982
705.179,107.439
1033.43,97.9333
782.583,98.5
655.755,99.9873
627.095,97.0952
831.586,96.0062
617.167,94.8333
603.19,94.2857
677.455,91.5455
594.81,89.9286
624,84
602.333,77.3333
627.333,68.6667
670.797,67.4058
609.27,67.2302
541.4,66.0667
623.5,58.25
361.5,42
1114,29.6667
653.131,33.9437
987.556,26.7778
886.292,28.2708
837.733,26.4667
829.267,26.4667
814.846,28.5897
645.667,26.6667
894.889,27.8444
753.267,26
588.5,25.5
1164.91,27.5098
1002,25.5
706.452,27.0476
1265.33,23.6667
1130.4,23.4921
1249.62,22.2917
565.111,22.0444
1045.33,19.6667
774.059,21.7451
940.563,21.8627
796.791,23.5039
927.444,19.2009
769.267,16.0667
1078.04,15.386
653.873,19.8044
969.905,11.9048
879.222,12
724.667,11.6667
1304.5,10.5
943,8.48148
737.778,7.64815
665.333,8.37255
604.276,7.65041
1035.27,4.53333
650.864,7.41667
1004.77,8.80217
782.762,0.47619
708.207,3.62195
