990.324,922.181
1069.61,910.061
725.5,822.5
724.667,817.75
997.651,817.5
1007,814.667
1391,811.778
949.455,799.697
1057.11,797.611
1025.07,789.614
741.5,789
1116.11,787.148
1371,782.667
683,782.667
691.578,773.356
736.222,711.444
1059.73,710.533
1047.17,706.194
885.872,709.376
874,703.485
1224.33,700
638.851,698.118
784.409,696.462
792.905,692.905
825.608,692.883
1358.07,691.852
1172.15,688.6
708.044,688.944
1124,681.778
938.953,674.899
931.6,671.1
699.5,661.5
686.536,658.714
675.7,643.4
687.424,640.006
326.5,631.5
703.45,609.683
899.733,599.467
889.025,599.827
805.539,600.967
730.778,598.556
1060,598
678,597
625.085,599.619
796.591,595.753
1091.13,591.949
605.745,590.549
778.949,592.558
860.982,587.614
1033.24,588.352
1221.93,587.571
1173.14,585.931
670.867,579.867
948.714,578.19
1036.83,579.458
1231.81,573.815
960.5,574.933
745.843,569.588
753.95,567.633
732.014,565.437
1147.86,563.35
1138.87,561.718
812.067,562.378
802.948,562.523
1093,560.5
821.81,559.905
1404.19,559.833
1108.32,560.468
909.313,558.838
891.569,557.569
1087.64,556.551
739.132,558.444
700.867,557.003
923.151,554.03
606.238,546.5
710.594,545.306
637.442,539.864
658.64,538.117
370.231,539.361
569.583,530.778
654.321,527.704
683.031,521.635
659.526,511.081
681.785,508.842
638.583,505.5
613.5,502.5
695.737,502.801
712.062,496.844
627.061,491.394
885.958,487.65
896.215,487.52
839.17,487.602
701.627,487.952
828.068,483.983
372.5,483
750.51,482.333
398.5,480.5
377,480.75
1038.28,478.42
840.874,478.511
762.079,479.803
613.394,473.061
1383,470.25
959.818,470.136
905.428,471.37
831.577,472.056
757.636,467.03
1231,466
686.946,465.946
862.718,465
698.133,463.133
752.578,462.422
1048.16,465.748
645.298,461.667
709.921,459.368
674.529,462.101
666.032,458.693
1271.32,455.47
1257.75,454.333
987.25,456.232
806.573,455.775
1032.39,449.121
815.65,448.967
792.467,446.267
926.256,445.967
1043.56,445.907
933.126,445.64
849,444.357
1161.06,445.662
783.19,440.762
919.204,442.527
691.98,442.007
685.831,434.72
574.074,426.63
619.204,425.944
709.909,425.354
705.977,413.479
657.217,406.406
709.398,402.153
637.882,394.098
655.051,391.744
613.229,386.75
660.648,379.028
614.333,375
1040,374.606
692.641,376.359
598.5,374.354
1023.54,374.389
1013.32,374.01
713.736,377.108
684.675,375.617
607.778,374.311
1196.47,372.267
1096.67,373.654
975.931,373.676
1164.26,371.667
1088.44,371.833
1275.58,370.615
1150.47,368.767
967.513,368.615
1358.25,369.438
1031.41,368.048
727.543,366.58
1161.42,364.449
1106.52,365.238
629.191,369.005
638.074,363.852
836.5,361.5
781.588,363.157
1097.74,361.185
968.857,361.452
898,361.333
743.63,360.481
952.827,359.988
1114.33,359.44
805.261,360.208
589.938,358.438
1126.89,360.606
1070.09,360.155
365.333,355.842
1026.2,356.139
695.667,353.833
1257.58,353.422
1087.8,354.594
1060.11,355.958
853.382,354.479
628.973,354.253
1108.08,351.557
758.733,353.366
715.912,350.965
1138.96,348.627
606.5,346.5
882.896,346.604
1211.67,346.018
1038.41,347.388
772.252,350.687
871.986,345.899
1224.97,345.617
1093.53,346.148
1124.9,342.19
1057.58,341.701
1072.32,340.264
1114,336.333
980,336.333
352.267,336.467
906.333,334.667
714.444,338.72
883.126,335.529
731.194,334.891
707.979,334.43
1317.93,332.622
935.476,331.762
837.5,332.5
1346.03,331.152
1197.78,330.889
1078,332.312
1329.77,331.753
1107.43,331.397
1052.27,330.535
991.264,332.59
772.074,330.5
1189.42,330.44
736.624,328.497
682.482,329.184
1014.98,329.755
764.8,325.867
1101.07,325.344
1003.17,327.6
689.302,322.206
616.476,311.238
637.738,296.643
591.556,292.222
612.28,288.72
584.1,284.644
689.074,285.728
630.551,282.406
627.5,272.5
702.778,270.583
599,262.5
703.42,262.217
779.5,260
1219.13,256.867
725.451,259.118
972.248,257.486
923.542,258.529
849.736,258.444
1016.33,254.333
940.911,253.833
737.894,255.524
963.5,257.247
883.333,252
987.25,253.597
1211.99,252.767
606.778,249.556
1272.36,250.121
1225.31,249.889
1053.89,251.697
868.319,250.733
857.75,250
1031.12,247.182
807.818,249.908
916.386,249
764.485,246.848
779.957,247.515
745.202,245.298
906.121,244.716
814.182,241.606
738.19,241.571
769.571,240.643
694,239.333
952.093,242.086
703.117,244.889
966.522,242.744
658.025,240.783
649.753,240.276
1014.73,241.282
894.556,235.778
1137.63,235.074
1032.27,235
664.26,236.375
881.447,234.959
1020.41,234.259
829.431,234.333
821.333,235.623
1012.67,229.333
941.735,233.695
929.477,230.557
1229.06,228.057
1191.58,229.27
950.027,229.328
656.097,228.77
1110.24,228.922
1042.63,227.74
1011.81,225.259
1180.25,224
1089.35,227.358
1027.61,223
839.677,224.147
669.424,223.508
1078.04,222.997
729.934,223.035
993.061,219.333
1035.75,219.622
706.267,221.502
1215.1,216.41
1169.25,216
1014.51,216.258
830.114,217.468
1160.47,213.733
1128.71,213.81
777.82,214.759
720.333,213.889
949.323,214.883
1002.5,211
962.345,212.48
1025.84,211.658
941.333,209.667
763.57,211.385
748.042,211.943
699.043,209.946
638.128,201.718
691.875,200.028
660.239,198.56
586.846,177.667
688.031,177.104
689.246,164.386
571.128,162.949
634.333,163.185
668.667,155.939
684.5,151.5
536.067,151.633
662.521,152.507
530.476,145.762
754.417,141.639
1042.19,141.456
774.818,141.879
1161.06,140.417
827.167,141.167
744.556,140.519
836.429,138.357
664.429,139.048
1007.76,138.5
808.388,138.594
709.667,138.067
623.133,138.333
1061.83,134.833
1031.46,136.619
799.296,134.278
1017.18,137.578
700.238,133.19
825.281,133.595
586.129,133.355
1236.26,130.667
751.406,132.899
812.21,129.438
765.625,127.708
1298.33,128
1222.37,128.984
899,127.5
1074.55,125.97
746.167,124.194
981.417,122.667
1009.62,122.912
695,120.333
611.778,120.444
940.691,124.905
861.184,121.543
710.42,122.765
1196.06,117.606
720.762,116.476
1166.37,118.378
1032.66,118.259
849.578,117.524
770.489,119.327
627.5,118.848
1017.6,115.561
935.17,115.941
741.977,117.704
1227.49,113.667
1052.66,114.772
1006.76,112.524
796.712,113.298
763.226,111.887
727.556,111.852
1077.15,110.407
1011.88,109.375
998.241,110.056
972.232,111.37
912.222,108.556
659.303,109.303
963.012,115.737
872.256,108.487
786.956,107.111
629.509,107.398
1146.56,101.778
646.594,102.275
1247,101.5
1196.03,101.561
771.059,103.984
750.581,99.7524
1220.61,99.8472
662.766,100.489
584.417,99.5
867.742,99.5375
979.733,98.1795
639.5,97
856.711,96.0943
657.167,94.8333
672.588,89.7961
626.651,86.1746
641.333,76.75
654.378,69
634.579,66.6289
628,62.5
599.876,54.9612
647.381,52.381
633,51.5
502.222,40.4444
809.267,27.4667
952,26.5
1152.9,25.9048
1027.5,26.1333
999.215,26.5269
784.406,26.2754
1115.4,25.7778
1048.67,25.1333
1106.06,25.6176
681.431,25.3725
1229.8,23.1
1188.5,22.5
958.5,22.5417
725.733,23.6667
700,22.6667
631.222,22.5556
1123.5,23.3889
678,19
879.386,22.098
734.047,21.5867
1196.19,17.2593
1027.5,18.6548
1011,15.5
931,15.6667
778.745,16.5882
1090.23,15.8952
1062.83,15.6667
866.82,17.2514
1001.37,12.9259
907.7,16.8987
692.108,14.5931
806.243,13.6158
748.153,14.5246
669.188,14.8623
1182.75,11
598.556,8.77778
957.133,8.41333
648.333,6.66667
1075.25,5.96078
1038,4.7619
766,4.9
876.494,4.4023
1210.17,1.34921
941.985,4.90741
926.486,6.5461
866.358,4.44715
697.556,0.333333
662.089,4.84699
