1054.5,940.5
844.343,917.197
973.417,905.333
844.152,907.819
1053.73,901.267
862,827.5
1352,824.5
809.984,822.302
987.5,814.583
879.157,811.5
792.778,796.556
773.083,794.833
1382.03,794.042
741.407,782.852
667,758.571
533.651,729.825
705,714.394
731.648,712.607
1081.31,707.056
712.063,704.845
1203.44,700.778
968.765,702.142
849.267,693
783.237,692.979
925.917,688.875
624.883,681.9
1151.16,674.867
924.795,677.497
649.765,672.79
634.125,672.062
1243.41,670.333
840.333,670.182
1177.5,667
663.011,669.056
701.673,658.66
696.467,650.267
684.039,650.137
648.456,644.878
667.5,626.069
635.667,620.667
1114.73,598.533
1280.13,600.494
1246.92,599.069
648.088,601.175
877.156,597.8
1272.33,596
967.49,598.279
638.381,595.095
868.378,595.5
954.095,592.905
823.444,592.778
1105.92,593.72
942.785,592.548
975.767,592.936
1220.28,589.034
834.627,588.468
1210.13,587.433
920.552,584.903
744.678,584.56
908.8,581.1
1044.06,578.797
1373.58,574.914
1207.67,572.118
848.444,570.222
793.588,571.042
1174.44,565.938
710.805,566.837
837,563.5
687.312,562.792
919,560
1291.96,561.483
1258.57,558.569
997.5,558.5
645.467,557.733
808.115,556.483
710.128,556.718
795.743,561.725
1166.51,553.118
647.5,540.062
658.63,521.889
668.79,521.074
341.982,516.965
620.333,506.867
674.422,505.422
593.556,497.296
953.155,488.915
823.528,490.268
964,486.556
989.738,485.738
700.131,488.06
1028.23,484.5
730.18,484.462
647.5,484.722
1042.41,483.988
945.612,481.562
603.875,479.917
745.408,481.225
739.576,473.424
722.667,472.333
705.564,475.024
1235.29,471.625
640.38,476.097
934.824,471.255
649.383,474.171
631.556,470.222
1033.36,469.556
1023.33,466.175
818.105,467.448
681.4,466.6
866.667,461.867
699.008,462.792
911.312,460
693,451.5
678.133,450.867
879.479,453.895
1306.14,450.298
764.333,447.667
347.333,446.667
931.034,444.69
807.542,445.333
957.124,446.805
969.02,442.393
869.28,447.939
826.064,443.468
684.099,439.826
378.5,426.5
706.598,429.646
673.803,424.393
711.133,419.867
678.667,416.867
714.238,398.81
599.5,398
654.81,393.893
626.778,383.444
590.683,381.602
977.957,375.507
1050.66,375
831,374.347
1061.5,372
1019.33,373.847
1025.64,372.071
904.614,369.035
794.5,371
668.357,372.155
983.167,368.444
885.708,367.824
969.867,366.35
1085.57,367.635
1013.64,364.253
681,363.864
1049.65,364.009
1096.04,363.044
699,361
623,362.533
921.339,364.656
1040.56,361
1228.2,358.98
1217.99,361.672
870,358.5
664.025,359.123
586.2,358.333
1007.91,357.733
910.833,358.2
881.15,358.375
976.533,354.267
1119.9,354.55
983.673,355.635
702.667,353.872
685.31,356.143
995.291,353.544
718.556,349.778
900.76,358.282
1112.58,347.449
814.086,349.128
730.305,351.608
706.229,344.17
604.27,339.825
1287.98,339.393
1123.31,338.682
886.511,337.889
870.638,340.581
804.337,341.017
979.637,336.903
722.83,335.452
1150.5,332.5
970.733,332.467
1135.9,335.91
1246.5,331.717
996.126,331.978
809.259,329
688.333,328.333
1171.33,330.187
653.115,333.406
631,328
1186.78,325.556
821.458,328.608
1150,325
1196.68,322.83
617.159,316.778
700.333,315.596
685.5,312.5
623.556,304.778
648.093,294.387
594.839,294.494
638.507,286.387
655.753,285.593
674.259,277.148
702.627,274.147
941.259,260.481
721,260.5
845.267,259.533
753.718,260.128
890,256.333
787.413,258.659
706.5,256.5
797.196,258.655
882.042,255
1180.13,254.403
773.655,256.249
748.094,255.1
610.095,254.714
1221.92,253
1314.5,251.5
873.364,254.182
1039.88,252.287
903.25,251.801
679.333,246.667
1139.39,246.061
806.5,246
1099.22,242.444
998.778,242.556
858.246,248.051
695.506,241.951
652.24,243.896
1047.5,241.286
862.256,239.333
791.347,241.653
755.6,240.533
641.841,238.058
1118.61,236.435
818.162,237.368
683.556,235.768
907.762,236.414
871.602,235.43
596.111,234.685
1144.5,234.22
1029.89,235.067
1288.62,233.176
784.4,232.3
627.222,232
830.222,231.222
939.391,234.094
969.843,229.735
921.289,233.503
1218.71,227.625
714.426,235.814
1017.66,233.636
694.392,228.176
931,225.854
987.651,223.491
970.222,221
667.156,224.841
976.875,222.025
743.138,221.163
683.51,222.324
1253.41,219.707
892.991,219.693
1210.53,216.6
1031.43,217.19
807.222,217.889
774.414,219.355
1196.5,216
764.379,216.19
662.19,214.571
709.492,215.849
699.182,214.197
1297.5,211.5
1060.64,213
814.244,212.6
680.894,212.394
1023.78,212.688
757.943,211.69
674.074,209.37
1171.2,209.216
1015.41,208.581
697.083,202.833
694.615,189.881
674.373,185.039
686.18,178.506
679.568,174.389
647.035,171.502
682.738,163.107
594.912,161.754
586.915,155.909
642.725,150.373
634.667,149.013
674.956,143.889
1245,141.667
1181.44,141.778
788,142
759.095,142.095
1190.12,141.5
1135.21,141.606
700.682,143.085
837.606,138.939
1186.33,138
1049.85,140.509
880.611,138.754
707.882,138.667
970.925,136.189
870.327,136.467
1025.58,134.156
1013.75,133.14
794.31,133.798
1112.76,130.524
958.533,131.267
882.667,130.333
862.102,133.638
678.5,132.056
668.467,136.724
779.738,131.357
761.637,132.429
1226.71,131.32
801.552,129.895
696.677,131.694
738.03,126.848
632.056,132.524
1102.64,126.438
846.5,123.5
1344.67,123.583
978.833,123.083
865,123.5
767.804,123.725
1145.24,125.13
857,121.941
781.1,121.6
1220.51,120.86
992.435,122.109
838,119.5
902.333,119.63
1210.87,119.133
1186.67,117.778
744.333,115.667
1005.25,112.639
951.975,110.942
932.037,114.785
904.342,111.645
739.453,109.107
614.111,109.761
769.378,110.105
1065.57,109.916
996.467,105.627
1033.31,105.442
924.322,106.484
1129.08,104.222
782.164,104.757
1268.22,103.375
1053.72,103.911
806.444,102.159
847.853,101.4
1038.67,98.6667
939.935,100.833
735.667,98.6667
1139.58,99.5132
725,99.5
1090.69,95.8542
761.025,102.199
681.385,97.2308
805.741,94.5185
774.417,95.5
671.573,96.6901
1080.14,94.0392
930.625,95
1023.62,93.9333
641.333,94.3333
603.062,85.9583
667.5,65.7
588.667,64.6667
560.333,64.3333
667.111,57.4444
594.5,54.5
658.695,47.8902
652.133,40.8667
640.667,36.6667
584.667,31.6667
919,26.7778
579.148,27.5185
1188.5,25.5
1034,26
876,26.5
747.275,25.9006
1080.33,22.6667
998,23.125
868.018,23.2807
924.078,22.6863
792.369,23.1261
1151.42,22.0417
689.523,22.5152
772.312,18.9375
633.773,20.08
783.008,18.4553
623.681,17.7681
1056.75,15.5163
1007.57,14.7838
940.97,12.6667
932.81,10.9524
1043.33,8.33333
884.935,9.70968
851.5,8.41667
596.267,8.46667
751.437,10.4138
917.182,8.24242
668.444,8.5
926.176,9.15686
953.071,6.5
883.778,4.44444
649,4.5
616.131,7.3268
1134.67,2.33333
947.778,0.444444
800.431,1.26389
772.989,2.54497
663.467,3.73333
609.5,0.5
