937.903,931.054
1164.33,919.333
931.667,919.333
978.588,910.863
980,900.667
602.5,842
740.19,817.69
813.214,796.679
668.58,793.457
692.823,793.231
1164.79,790.042
870.5,788.796
1036.32,711.469
1086.87,708.04
721.212,708.212
941.128,702.949
1276.67,699.667
688.714,699.643
837.267,694
699.044,692.289
923.556,689.222
1340.5,681.5
670.193,675.263
1083.06,676.035
778.167,669.694
1114.11,669.833
786.333,668.387
674.133,659.5
699.117,653.605
687.556,649.778
672.642,646.732
648.405,634.878
695,622.5
766.741,599.518
1020.19,598.639
787.59,594.897
676.402,594.017
797.312,591.902
719.542,590.667
1355.5,587.5
584.451,585.255
1326.95,585.545
1039.67,584.167
727.424,584.551
976.273,580.727
1059.56,578.965
1334,577
1302.5,576.867
891.919,579.32
963.106,574.608
1135.72,574.107
1058.75,570.792
1049.05,570.833
1016.02,569.333
724.222,570.171
1074,570.066
1127.83,566.75
697.911,569.107
1156.08,563.444
1009,562.5
860.253,563.173
1057.67,560.333
851.136,562.691
1064.5,561
1030.46,560.095
1304,561.691
1040.44,559.538
872.556,559.86
1311,557.5
862.311,555.8
1296.06,555.688
668.732,554.056
685.297,551.402
612.833,548.806
700.879,553.345
694.846,546.564
658.667,537.667
694,534
703.974,531.549
573,502
695.59,494.154
734.2,490.7
747.324,490.333
725.422,487.578
692,486.778
938.973,487.4
930.5,480.3
621.01,477.048
791,474.45
699.926,473.37
668,467.928
1060.1,465.095
1072.87,464.932
693.938,463.993
1025.21,462.85
1214.87,456.8
772.133,455.133
1182.33,453.667
679.233,455.233
716,453
1004.36,450.39
1183.86,444.917
771.962,445.648
817.174,445.444
734.231,441.923
653.464,444.251
679.133,434.733
703.544,428.193
687.057,427.816
661.008,421.037
651.824,418.961
669.644,414.711
652.583,406.5
701.267,401.533
670.133,400.5
643.75,392.815
634.222,389
695.85,389.95
713.667,386
695.667,380
671.387,380.514
683.345,378.48
873.067,374.283
1019.16,372.068
964.4,368.633
879.65,370.633
1392.8,370.034
1056.33,367.667
973.142,372.337
764.726,372.103
1401.9,368.103
984.734,371.268
1093.23,365.175
825.671,365.882
727.118,364.204
1049.45,363.455
1014.29,363.782
909.497,364.995
755.288,365.206
1101.89,361.389
708.537,363.451
915.5,360.5
991.243,360.532
776.646,359.5
789.039,360.017
710.778,354.556
1099.64,355.25
734.897,354.231
648.444,352.778
1238.78,350.556
1070.89,352.868
747.346,352.952
759.087,351.939
1112.39,353.615
1366.22,347.5
1012.5,345
675.905,344.905
1260.08,345.637
765.222,343.444
705.288,344.795
722.5,339.5
654.926,343.492
612.858,341.608
767.5,338.5
641.241,338.519
599.315,336.889
1366.67,335.667
729.083,336.472
1025.69,332.798
899.372,336.737
741.73,335.774
886.697,332.728
982.427,328.347
1172.34,329.667
1309.04,327.879
1201.86,327.143
623.125,325.375
1194.41,327.113
353.879,325.061
1160.72,324.58
636.37,317.028
647.064,314.498
677.698,299.413
610.556,298.222
665.919,296.384
671.238,285.81
661.657,284.97
602.5,284
627,282.357
688.333,282
693.345,274.964
699.833,270.667
647.967,270.973
636.333,269.846
663.575,270.23
573.5,260
666.448,260.248
1106,256.5
743.792,257.438
698.319,260.213
651.975,258.975
1136.5,256.5
636.848,258.946
1308.04,256.111
1153.35,254.658
826.828,254.103
1225,251
734.128,250.769
1235.46,251.267
859.77,251.512
633.296,247.315
617.373,248.533
833.784,246.373
796.267,246
820.453,245.64
888.133,243.133
1012.72,243.681
809.215,243.967
970.371,240.871
828.138,240.623
764,242.63
753.48,246.596
850.095,235.095
659.5,234.5
1171,232.778
747.762,232.476
669,232.333
1348.19,233.503
1193.67,230.667
857.274,232.25
699.143,233.095
1358.5,230
1280.24,230.476
1007.87,229.712
1333.42,227.154
1142.67,224.333
781.639,226.278
763.07,229.377
693.171,226.573
1187.77,221.618
1032.62,222.05
671.676,218.982
648.333,216.333
1110.1,216
914.152,216.043
974.455,214.886
735.767,215.533
743.95,212.747
986.469,212.687
1043.49,209.256
680.141,207.931
657,203
665.053,192.613
609,177.5
688.37,175.704
617.774,175.643
691.041,168.39
649.511,156.622
628.867,152.467
622.356,151.909
714,142.5
890.222,141.444
683.967,142.367
1171.33,141.018
692.704,140.593
1067.22,138.444
746,140.5
1153,137.667
654.682,139.591
779.597,136.797
736.812,137.197
790.637,136.363
728.369,136.796
1032.56,135.51
912.645,135.017
903.227,131.955
1070.51,130.397
713.852,130.667
921.412,130.127
799.574,129.343
771.513,126.974
666.571,124.798
759.41,123.419
996.833,123.1
909.804,123.716
832.333,120.333
828.262,122.464
677.195,122.149
1016.44,119.222
1024.63,119.567
805.689,120.207
1006.06,115
942.25,114.267
877.985,114.606
825.346,113.597
1235.5,112.773
1281.81,109.238
664.97,108.152
1031.33,108
1225.13,106.133
870.5,105.848
1042,107.855
775.401,107.745
670.167,105.25
686.471,105.126
1202.67,106.073
941.727,101.803
882.146,101.062
846,98.5
700.427,99.9867
622.152,100.133
775.415,98.3711
834.658,97.7607
995.842,95.575
888.802,95.125
694.013,93.4444
602.5,86.5
666.094,85.7009
616.718,84.9744
595.444,83.7778
543.238,66.5238
672,56.3333
650.425,55.414
670.357,47.9702
588.281,46.7544
664.222,43.8889
638.222,43.2222
651.5,38.5
988.5,26.4167
933.5,26.5
786,26.5
728.905,26.9048
942.196,26.098
1014.52,25.9762
968.267,25.8
892.667,25.6543
823.667,25.7246
977.8,24.1
902.29,25.1594
877.972,25.6312
712,23.1667
741.627,21.2533
689.038,23.3991
681.233,20.4667
717.111,18.9556
803.911,19.3496
788.875,18.8194
889.903,15.9462
1157.47,13.7333
617.319,19.3732
735.5,12
706.704,13.1852
675.022,14.3111
748.744,12.15
724.444,10.8889
942.333,9.23611
906.03,8.15152
764.456,10.5442
702.518,7.37037
1127.93,9.05031
622.667,6.83333
1166.57,1.43137
1071.33,0.333333
997.707,3.10185
977.55,1.77222
916.144,2.73397
871.32,2.24201
