1041,939.5
719.667,937.242
936.333,924.333
794.93,896.947
664.333,883.667
674.778,837
963.642,819.95
724.667,816.333
700.444,804.111
746.2,796.333
1077.83,796.033
994.37,793.111
1344.33,791.667
787.769,789.269
1103.87,786.667
672.643,781.429
718.667,714
931.601,711.583
1093.33,707.667
1125.13,707.133
886.5,707
746.222,706.111
943.314,708.208
1018.5,703.5
732.222,697.056
1168.84,696.237
787,692.5
676.352,694.133
652.506,694.099
988.667,689.151
1423.37,685.63
945.762,681.524
867.905,678.381
729,674.5
1254.29,671.19
674.881,671.714
877.7,671.2
682,669.5
709.238,664
662,660.5
671.238,659.524
703,656.444
680.982,658.639
677.5,649
629.181,640.181
668.23,637.337
1078.94,603.093
785.9,602
1089.9,599.718
844.667,599.788
1231.95,597.359
778.141,598.615
857.5,596.943
695,591.667
847.562,591.938
1103.42,590.667
1416.24,588.19
1175.7,588.092
616.185,588
1147.75,585.299
677.072,584.971
860.667,582.333
1184.22,581.444
811.667,584.75
824.25,581.361
833.741,580.185
1153.5,577
1383.11,574.044
952.606,574.061
777.333,573.97
856.833,573.643
1181.5,569.354
1343.85,568.593
1102.04,569.58
1125.95,563.946
994.606,562.939
1120.21,563.857
957.512,564.185
720.613,559.44
948.622,560.363
774.364,560.99
763.199,560.041
728.467,558.267
1181.08,558.415
1043.74,556.185
1008.25,557.838
999.151,555.5
709.646,555.938
1139.08,553.556
597.377,542.684
630.515,537.394
707.196,531.098
586.938,528.272
625.733,521.333
701,523
707.43,512.753
674.5,505.5
701.786,503.014
618.238,498.181
820.958,491.062
736.333,489.333
846.5,488.5
720.317,491.65
837.5,487.5
923.427,488.052
689.869,488.293
1000.19,484.99
896.22,485.354
684.667,482.667
1278.61,483.07
765.352,484.129
706,480.905
885.585,481.308
752.528,480.789
636.667,479.542
567.744,480.949
808.6,479.533
787.62,477.933
1061.15,473.689
798.71,476.461
676.089,470.911
669.532,477.904
936.095,465.095
704.788,469.267
947.591,465.928
751.939,462.879
717.97,462.892
662,462
699.176,456.725
1379.87,451.867
868.894,453.455
1033.79,451.143
895.907,452.013
763.502,454.289
706.5,451.5
570.605,454.69
1121.36,450.711
737.746,452.357
906.294,450.441
726.415,450.821
937.333,448.5
972.889,447.508
988.333,445.333
1231.59,447.1
1044.56,447.379
994.917,445.019
1065.07,443.074
912.5,440.5
701.912,442.588
1071.87,441.905
942.5,441.717
868.289,439.644
615.374,439.61
686.363,409.037
662.906,404.583
695.132,397.484
664.261,393.993
627.422,389.422
677.815,388.741
688.351,390.337
636.641,385.544
666.689,383.541
1058.73,375.533
835.708,374.625
1427.5,369
771.5,368.5
1111.28,370.267
1099.93,369.879
1021.93,369.974
782.333,368.193
828.647,366.02
1008.19,364.238
647.614,364.807
888.667,364.061
1077.22,361.444
667.5,363
1421.55,363.681
729.731,365.813
1170.74,360.193
1128.5,360.758
998.877,365.739
710,360.2
1333.53,359.215
598.667,356.333
1326.63,354.733
1158.66,356.606
1071,354
718.809,356.727
1271.4,352.538
1181.29,355.448
1114.5,351.3
1081,351.5
1283.58,352.811
998.556,350.222
941.854,352.447
675.178,351.908
722.333,346.667
1166.8,349.098
1057.27,347.55
1043.07,345.167
946.077,344.5
846.742,343.068
642.225,346.109
1236,343.741
868.464,343.714
829.082,343.691
901.01,342.662
716.293,341.413
609.5,341
877.849,338.5
771,336.444
1382.69,335.333
1005.18,336.066
859.076,336.794
623.429,334.095
943,333.854
1154.21,332.231
813.194,336.188
706.147,333.8
638.5,332.227
1090.57,333.093
732.809,332.074
1370.72,329.594
1243.39,330.01
1140.86,331.03
825.278,333.144
795.043,330.556
804.333,326.667
1164.56,327.441
774.275,327.58
1081.07,328.956
1069.95,326.692
996.83,328.91
701.861,321.5
643.654,321.538
631.556,321.222
623.279,319.701
612.255,311.235
602.556,306.222
616.667,302.533
687.901,302
680,300.386
627.431,292.667
624.333,288.333
592.5,281.5
703.032,279.603
684.657,278.686
650.299,270.172
613.302,269.064
977.542,260.438
950.733,260.08
942.247,260.58
1004.33,259.407
1012.81,257.741
799.667,256.333
1196.39,253.939
989.101,257
642.886,257.197
1398.16,254.746
834.966,255.03
815.293,255.234
975.168,253.956
624.5,251
704,250.762
1169.74,250.456
1127.54,251.5
680.852,249.074
696.333,251.079
617.032,250.063
1157.5,246.5
1006.24,247.667
1115.08,248.687
1028.54,247.955
784.275,248.152
1036.62,245.875
857.795,245.077
841.058,245.072
883.383,247.626
1234.01,245.326
825.787,244.289
1047.9,243.037
988.397,241.857
793.125,241.625
676.193,241.737
1075.94,240.796
1182.37,240.4
1089.31,241.039
975.737,240.658
874.11,242.38
800.688,241.471
771.356,241.489
609.667,239.212
1017.44,237.827
867,235.5
724.5,236
906.813,236.234
698.296,234.796
1222.84,235.284
751.966,234.195
1232.77,232.467
732.881,236.782
980.988,231.111
803.68,231.3
897.128,228.051
783.1,232.43
678.946,229.903
595,227.5
1042.81,228.544
624.302,227.397
742.091,227.321
638.852,224.481
991.53,226.214
1172.39,226.253
699.5,223.86
1023.9,222.6
796.176,222.382
610.167,222.333
1146.12,220.923
966.667,218.333
905.053,220.193
1030.83,220
914.63,216.926
883.333,217.8
655.808,218.97
635.667,217.167
821.646,216.5
980.133,216.208
726.842,216.658
1251.13,214.133
1024.73,213.533
996.303,217.49
667.617,215.975
686,214.117
1030.5,210.5
835.286,209.929
700.417,210.5
749.595,212.998
673.667,206.667
688.667,204
629,199.5
688.697,194.697
646.97,190.48
629.977,190.488
673.782,185.057
648.359,178.897
658.901,177.543
652.444,174.778
652.37,167.481
666.575,158.23
652.444,152.778
588,152.5
627.333,151.2
697.973,145.333
767.5,141.5
850.389,143.125
826.5,140.867
736.56,140.286
714.633,139.944
1175,138.5
1094.16,140.575
1084.73,137.533
975.843,138.627
955.263,139.253
874.472,139.953
841.067,139.452
1280.08,136.889
661.832,139.912
1055.53,134.4
700.095,134.095
892.225,133.975
762.111,133.444
753.161,133.954
1164.46,132.282
637.796,131.527
745.305,130.299
960.472,127.748
712.318,129.932
1024.5,123.5
818.892,126.142
737.471,126.27
845.707,123.373
676.65,123.4
1250.38,123.333
1087.88,121.121
1037.72,122.1
722.212,120.348
687.441,122.559
808.841,121.222
761.542,116.438
735.086,117.105
931.082,118.567
1124.81,115.167
970.157,115.972
837.177,115.021
752.91,114.829
795.247,113.796
1222.06,113.727
957.606,109.061
719.924,109.362
765.333,106.842
730.495,105.802
1146.27,102.533
980.778,102.556
883.5,102.5
838.933,104.483
787.769,102.564
709.111,102.044
1336.19,101.259
1063.48,100.37
810.414,101.441
725.045,100.441
400.5,98.5
850.667,97.6667
599.5,98
983.017,96.5667
891.641,96.0769
820.3,97.8944
678.381,96.3333
624,98
1044.38,97.7179
786.286,95.0714
628,71.5
608.4,51.3
539.5,48.4167
657.797,43.971
593.844,37.4218
665.889,32.7778
1235.67,26.3333
999.762,26.5238
942,26.5
694.386,26.9649
1258,26.5
724.333,23.3333
1312.33,22.6667
1011.67,22.6667
814.778,22.4444
637.433,23.4833
601.222,22.5556
1029.17,22.4921
896.598,23.7949
766.39,24.8433
775.279,21.1008
919.046,22.2557
703.227,21.0338
1108.63,13.386
764.946,14.0538
674.236,14.2847
876,13
784.542,18.0382
886.5,12.5
729.564,21.2727
692.513,13.2312
930.444,11.627
830.865,11.8021
818.433,11.2047
720.032,12.0323
922.5,8.5
1070.58,6.5
779.376,7.8589
648.744,4.48718
1284.78,0.444444
1167.63,3.78431
1022.67,5.03371
849.733,0.466667
711.184,3.1028
671.265,4.2328
625.901,2.05405
