598,1059.5
692,930.5
788,928.333
1368.78,923.444
993,904.5
628.594,880.217
699.222,829.333
751.238,825.524
706.056,825.713
826.767,820.533
758.859,819.798
918.619,812.262
783.287,813.241
840.333,800.333
1152.67,799.75
1049.51,794.607
1032,787.394
1001.67,782.639
642.2,728.1
1027.46,714.482
1437.82,713.879
1017.26,710.815
714.5,707.5
707.472,709.509
988.542,707.917
999.21,704.049
689.872,703.513
793.371,700.382
848.19,696.714
1215.5,693
980.778,691.556
631.667,692
1002,688.778
810.667,686.333
749.391,688.333
1319.94,686.417
722.595,685.31
1099.46,684.5
929.158,682.404
846.321,682.5
1079.39,674.965
995.151,676.03
918.667,674.905
1007.94,674.385
1110.22,670.556
717.264,671.184
642.323,659.254
705.41,641.128
687.551,642.072
675.915,634.721
645.827,622.012
678.556,610.778
707.9,612.832
750.074,603.63
664.333,602.667
1018.32,603.387
1120.61,601.333
1327.33,598.667
1317.7,600.467
732.056,599.403
612.2,595.667
669.64,594.721
1199.22,590.434
1114.5,594.142
1365.33,587.333
1018.44,588.164
770.6,587.644
793.5,585.646
916.794,584.397
705.359,583.077
930.229,582.895
811.28,583.589
800.305,579.157
778.627,577.784
766.562,578.569
699.264,578.287
596.095,577.19
880,574.667
1041.5,573.5
1148.32,571.682
1169.51,569.383
905.067,565.72
661.673,561.66
1140,559
1107.27,559.591
1171.45,559.594
1153.23,559.1
1008.16,557.966
707.346,557.409
681.667,556.733
1162.44,559.031
1057.9,554.689
690.5,552.417
673.2,554.352
1075.89,553.526
713.638,544.333
709.298,534.07
347.222,522.778
658.829,519.694
643.239,514.363
680.606,511
710.753,507.978
717.778,498.444
684.85,497.238
604.718,491.128
678.074,489.852
741.77,487.425
667.425,487.77
857.433,484.986
586.508,484.825
750.905,483.381
870.689,483.658
667.333,480.333
1334.1,480.095
957.433,481.45
736.493,480.493
749.267,476.467
970.95,478.087
604.478,477.478
994.905,473.095
985.259,472.815
856.781,473.708
844.778,472.444
837.086,475.988
897.081,473.187
743.778,472
811.667,471
799.262,469.858
789.5,466.5
654.667,466.333
1010.57,472.142
576.905,464.905
1252.16,465.417
587,464.905
663.517,469.106
751.088,464.206
685.733,464.88
731.333,460.667
718.431,459.431
576.667,459
1065.2,456.483
709.444,460.472
985.204,456.882
966.286,455.19
940,455
803,454.667
773.376,456.269
634,456.436
821.279,460.09
1319.73,450.391
1124.56,451.938
976.619,447.095
1107.07,446.37
1095.56,444.778
1049.03,447.116
912.872,446.282
711.106,447.652
1337.06,443.606
904.444,440.778
646.429,436.77
652.765,427.679
705.219,428.178
659.872,420.718
628.088,414.986
675.532,408.802
612.51,405.529
620.361,403.806
670.574,396.5
678.714,392.857
662.277,390.376
670.524,384.238
707.032,381.127
648.333,378.667
841.394,375.939
735.533,374.267
1066.99,374.259
942.5,372.5
834.333,372.333
1214.67,370.333
684.16,374.127
1139.92,371.812
1073.06,369.606
1059.78,368.444
909.667,368.333
844.238,368.476
826.505,371.879
763.778,368.444
726.303,368.727
989,370
953.4,370.846
898.729,371.488
698.636,370.98
1428.76,367.476
1151.04,369.771
1142.67,365.333
1226.36,366.926
1180.63,366.218
1163.25,366.892
1116.31,367.019
1087.58,367.958
1130.37,369.299
1018.47,368.117
772.38,364.787
613.348,363.935
570.883,363.8
1026.5,360.5
600.778,358.556
1041.75,358
873.111,357.611
799.5,357.5
1355.54,358.919
985.069,359.833
1215.54,355.632
1157,354.5
735,354.5
1165.06,355.487
1034.67,360.176
1408.35,353.5
1046.52,353.074
693.831,355.844
901.889,352.571
675.635,352.812
1397.4,350.3
1203.25,350.167
1022.62,351.297
1221.61,349.889
806.278,351.99
756.55,349.317
1035,346.667
625.815,349.899
1208.56,346.646
1229.5,342.5
1165.61,342.939
698.296,343.25
1243.04,343.492
1016.54,341.42
1076.54,341.87
973.905,338.905
752.421,338.579
658.167,338.417
632.895,337.193
1007.25,334.116
1197.67,332
1186.63,332.075
1223.37,331.062
1086.7,331.382
884.581,331.993
624.021,335.006
1212.09,331.996
873.519,329.822
721.423,329.885
1230.88,328.708
1203.63,325.074
1295.4,325.222
1287.22,325.942
1003.63,325.5
759.5,322.5
701.471,317.382
709.869,324.369
639.173,311.238
613.032,307.5
648.711,306.396
642.048,290.881
587.43,291.123
680.125,287.5
689.044,283.889
654.833,283.235
688.667,274.333
627.905,266
997.5,260.5
765.733,260.467
773.605,260.506
717.727,260.061
876.895,258.352
852.556,258.265
1023.87,256.733
986.287,257.911
860.152,256.746
929.185,256.024
804.535,255.748
726,252.667
1189.45,251.7
942.469,254.985
676.801,253.784
1265.19,251.772
1239.12,250.475
1164.78,249
1114.44,248.778
975.849,249.5
659.958,251.028
911.485,248.322
1074.1,248.196
896.873,246.032
1020.4,247.141
737.343,250.94
690.645,248.777
669.376,246.632
780.901,250.257
1258,244
955.639,244.583
817.961,250.014
725.3,244.533
1246.53,242.733
1131.82,243.333
1122.61,245.966
1095.78,244.286
1028.05,243.826
657.849,241.849
1067.97,241.161
939.114,240.772
670.5,238.5
801.56,238.905
785,235.5
772.698,238.201
1078.73,238.478
811.807,238.387
618.417,237.09
602.968,236.873
867.438,234.562
850.693,234.658
686.061,234.333
678.095,232.905
662.971,233.696
1208.58,232.606
1111.67,230.9
964.17,232.667
758.167,229.933
702.267,235.63
842.5,226.5
808.5,226.5
934.47,229.35
790.365,226.524
754.778,224.444
1017.59,225.705
964.9,223.6
711.874,225.485
1200.85,224.5
1026.75,222.813
726.556,220.929
908.5,216.867
821.917,219.259
788.527,218.814
761.048,220.056
602.5,216.5
1128.37,218.164
1040,214.25
1155.62,214.35
1095.63,217.204
874.576,213.323
865.146,212.979
655.674,215.049
821.738,210.357
731.86,212.456
706.333,209.333
1064.95,213.64
967.765,212.281
681.737,211.07
738.387,209.838
642.667,207.333
668.774,210.381
627.378,205.256
602.867,205.333
637.254,203.246
625.183,195.828
580.929,193.286
691.044,194.136
662.338,174.874
687.289,167.088
656.5,163.5
613.417,156.5
683.769,154.564
692.524,150.762
594.158,150.649
808.5,144.806
987.583,144.667
1126.11,141.956
909.07,143.408
855.5,143.41
977,140.741
889.583,141.309
604.816,140.425
1136.47,138.333
1046.09,139.864
878.055,140.182
868.037,137.704
1211.09,139.07
929.167,138.444
847.92,139.265
750.754,138.404
1061.37,137.175
1038.58,136.5
1308.5,134.5
1112.78,134.556
679.577,138.6
1022.16,136.657
794.771,136.191
764.206,136.484
1015,133.5
1090.18,133.474
774.447,138.257
596.786,132.333
1128.67,130.75
1154.6,132.372
940.298,131
786.867,129.5
706.805,129.374
846.095,126.905
816.333,127.152
1189.38,126.917
718.872,127.551
998.222,126.5
836.333,126.315
853.975,127.958
678.467,124.733
742.667,122.667
670.262,123.857
1140.26,121.093
1060.35,119.5
874.1,117.283
1078.04,116.111
917.689,116.758
627.968,117.127
988.667,113.133
981.508,114.54
850.5,114.5
1284.04,114.326
949.5,109.5
890.792,111.861
1070.67,109
867.133,109.133
766.284,109.843
645,109.5
1198.67,106.333
804.054,106.739
735.5,106
1266.69,105.062
667.489,105.889
900.85,107.788
1186.72,105.812
1148.84,107.208
884.833,102.194
928.2,101.711
946.444,101.578
745.937,100.921
778.339,99.897
683.028,100.249
1166.5,94.5417
1099.7,97.1579
752.333,95.5686
632,94.6667
901.73,96
762.101,94.5051
602.5,91.5
566.419,84.1538
612.93,74.8421
658.733,71.9778
571.63,65.5185
652.493,63.7467
618.782,55.8846
664.85,53.7667
609,51
587.778,52.1111
665.807,41.807
653.583,37.4167
628.667,30.6667
610.667,30.6667
1136,26.5
1091.5,26.5
829.5,26.5
736.333,26.6667
1009.03,26.4203
974.352,25.8667
919,26.3922
795.399,26.7982
1061.08,23.1667
963.678,24.7701
946.193,26.099
806.536,23.8095
760,23.5
703,24.5
1150.24,21.6667
930.333,19.6667
1208.82,20.8833
829.5,18.5
678.202,20.9286
530.074,20.5
838.238,18.3333
1249.5,14.5
730.687,18.3498
984.5,15.1782
761.614,14.0682
639.159,14.7937
871.752,11.624
595.8,11.8333
915.5,8.5
912.69,5.33333
722.201,12.4109
1095.67,4
932.733,8.42222
1105.57,3.52137
1059.67,0.333333
981,0.777778
859.118,3.29412
