1070.22,919
637.391,904.333
909.524,899.095
925.457,818.79
1055.84,815.556
774.312,814.854
1220.72,814.615
934.022,809.609
1104.33,806.381
720.63,804.074
787.5,800.875
1257.5,792.5
627.4,773.717
637.5,732.5
1043.1,717.905
753.083,717.875
996.546,715.615
1148.67,714
933.733,710.533
1079.03,710.958
751.333,707.833
1281.26,708.77
804.96,708.873
1379.25,703.292
1194.46,702.05
994.409,701.151
795.719,695.561
860.322,694.636
847.333,693.458
754.5,692.5
843,688.333
683.616,689.553
959.333,685
1261.04,684.694
765.051,688.152
862.5,681.5
698.782,682.641
1086.03,681.355
670.778,678.556
799.394,678.061
776.333,674.333
687.952,676.685
1120.64,674.36
1090.84,671.825
590.833,653
681.859,650.394
618.111,646.278
658.722,648.543
679.411,620.578
717.333,603
710.111,603.556
649.516,602.565
1107,598.667
731.5,599.5
1222.56,598.222
1213.95,599.978
1035.22,599
1257.5,595.5
1246.86,596.86
1125.26,595.815
1082.05,597.698
869.167,596.625
667.5,595.5
1291.78,592.444
1355.95,594.188
1091,591.5
742.54,593.611
703.571,593.659
1136.51,592.627
1038.23,588.5
767.5,589
1190.86,588.042
622.849,586.947
1335.19,584.238
772.652,585.957
762.279,586.078
1024.93,584.507
686.946,583.43
694.5,581
604.444,581.343
1210.62,574.611
1111.31,573.599
809.856,568.32
1377.29,566.805
732.074,567.583
755.733,563.467
914.133,563.333
1115.59,564.485
1023.42,563.939
1291.1,562.703
924.063,562.769
1218.02,558.333
1056.19,559.042
1143.9,557.19
1138.3,559
793.433,555.867
1064.9,554.907
757,555.5
620.705,541.533
580.333,537.758
708.952,531.063
664.722,524.978
697.812,522.375
675.722,521.114
606,517.5
712.667,513.617
619.182,510.424
653.083,488.583
1077.48,485.879
822.25,485.688
1401,480.5
627.75,480.833
843.092,481.356
829.222,476.556
967.942,478.058
555.444,476.222
1223.78,477.783
1083.07,473.846
1068.02,467.118
890.157,467.922
941.372,468.59
664.881,469.843
1186.5,462.5
934.175,464.561
1260.84,463.24
1055.43,460.333
887.512,459.738
807.867,457.5
760.94,459.917
1345.84,455.627
949.229,453.479
638.062,454.642
619.935,454.704
1217.18,453.369
1108.03,451.152
1239.67,451
982.433,451.142
1076.32,450.217
958.276,454.704
1171.54,448.42
1350.67,445
1120.35,448.12
838.147,448.907
1193.27,444
1315.44,443.222
638.667,442.667
736.12,443.867
691.405,441.225
721.715,442.215
714.167,435.741
710.47,427.212
667.494,423.161
623.524,417.762
706.486,417.109
688.2,407.2
584.333,407
656.54,406.064
705.606,400.758
702.5,393.5
637,393.619
659.634,394.455
647.259,386.481
627.5,389
696.079,388.855
569.222,384
705.274,382.94
720.458,378.583
1012.58,375.222
923.312,374.646
829.685,373.704
792.939,373.394
623.812,374.5
612.498,377.77
1262.76,372
963.943,373.61
820.18,374.728
803.209,373.523
602.467,373.733
1003.58,374.517
984.417,371.667
699.296,373.104
1322.17,370.917
991.648,370.593
728.138,372.142
717.73,372.135
657.383,370.309
1068.42,369.851
976.733,368
1292.88,371.012
665.572,369.856
1112.37,367.162
759.323,367.878
631,365.5
1283.55,365.524
1079.96,366.595
703.5,363
1345.94,365.374
655.788,360.606
809.111,360.175
747.154,359.564
897.521,362.15
697.194,359.721
1255.67,359.089
1149.59,356.187
907.921,356.448
1265.22,355.36
1206.75,354.775
774.132,351.579
688.247,352.409
816,351.903
883.394,348.212
762.818,349.333
1138.78,347.111
754.363,350.88
1003.29,348.283
1371.06,345.137
989,342.667
801.641,345.793
1235.46,343.467
1149.83,342.167
893.006,341.033
631.909,336.955
750.762,335.476
1298.33,334
1059.71,335.159
943.175,335.405
558,334.25
676.5,335.233
1182.13,331.867
876.219,334.505
786.333,332
645.022,332.844
995.696,331.38
841.248,331.976
714.2,331.55
1194.44,331.357
954.314,331.219
832.617,329.889
817.926,327.639
803.65,330.079
670.583,326.5
1323.36,326.806
889.957,326.299
628.845,324.607
714.578,322.422
685.315,322.889
698.5,320.5
710.667,317
685.111,314.156
658.045,305.727
706.907,299.027
607.042,297.708
660.133,294.5
625.641,295
693.45,290.409
619.972,278.607
650.181,277.321
612.667,274.333
641.185,273.741
592.238,270.81
706.74,268.607
785.333,260.667
678.222,260
749.072,260.029
736.776,260.713
710.524,259.762
685.905,260.286
1131.95,258.93
1122.03,259.564
1023.56,258.936
1011.42,259.27
648.75,257
694.667,256.312
1179.71,255.625
1037.99,256.543
898.333,256.167
887.375,255.333
1004.58,256.295
766.479,255.896
828.029,253.333
742.405,255
1224.83,253.833
940.382,252.899
799.668,256.239
1169.38,249.708
711.583,250.883
1212.14,247.818
831.625,246.292
588,245.5
1252.22,246.57
818.121,252.547
787.815,245.593
1113.72,245.367
897.5,244
653.868,245.57
1020.54,245.081
730.754,246.988
908.82,246.648
815.18,242.564
942.744,242.917
613.214,249.589
951,238.556
1283.33,239.386
986.931,238.917
779.333,238.667
809.667,237.944
688.5,237.5
928.5,235.5
743,237.503
1182,235.222
1044.49,237.327
1025.4,235.667
724.222,235
1088.04,234.938
1058.82,238.679
919.442,235.127
1173.17,232.988
1212.37,234.702
1014.99,233.71
999.601,233.126
659.833,230.667
1099.5,230.843
968.946,233.583
1237.67,228.667
1131.96,229.111
944.651,229.063
713.881,228.476
1110.09,229.145
873,227.5
765.34,229.712
674.5,227.5
988.394,227
955.516,229.018
751.133,224.853
1042.02,225.145
631.262,225.143
1153.6,223.65
1138.92,223.367
828.924,223.758
1090.12,223.196
936.659,223.098
1078.5,220
705.556,220.852
695.938,226.874
616.333,219.944
981.333,217.667
630.667,218
1287.24,219.153
819.528,219.33
1222.67,216.188
1170.44,215.259
1022,214
758.111,217.333
729.301,216.935
1277.86,213.259
873,213.157
724.5,213.5
808.059,211.284
694.363,211.385
863.839,211.451
710.391,209.828
616.333,210
644.635,206.74
701.538,206
623.4,205.733
660.167,201.923
638.583,198.5
678.667,196
687.841,194.746
661.375,192.292
583.476,188.238
616.853,188.413
662.423,184.984
594.833,177.667
645.656,173.57
686.3,172.5
620.444,164.778
679.658,167.88
625.815,155.296
687.146,155.477
678.802,151.252
627.939,149.606
793.222,144.556
1007.36,144.524
1036.04,143.845
1127.27,143.076
1085.91,142.848
901.806,143.458
1254.57,142.156
1206.02,140.434
1114.02,140.437
1102.53,140.293
1028.5,138.033
1014.75,139.395
887.245,141.031
652,138
869.417,137.5
751.495,139.446
829.755,137.177
1078.5,133.5
727.674,134.248
1040,133.111
559.333,131.333
1163.58,132.5
1057.61,131.061
736.915,135.866
857.828,129.606
949.045,129.545
714.667,127.333
923.885,127.356
869,126.667
840.48,128.133
810.867,123.867
789.375,124.125
933.626,126.585
777.259,123.185
726.338,126.626
709.267,122.95
1099.54,118.42
1174.56,115.778
812.326,116.5
640.676,116.667
1134.6,116.222
904.313,115.535
1200.78,112.444
769.441,116.215
698.867,109.867
955.667,109.152
921.938,112.465
740.169,111.195
1000.28,111.301
1070.1,105.905
988.548,110.636
707.411,106.631
1267.32,104.761
1138.13,102.133
1102.61,102.061
828,101.667
738.733,102
663.333,102.944
1088.22,106.48
651.024,103.073
1014.92,99.4444
721.583,98.5833
670.222,97.5556
821.391,98.0725
631.193,99.807
1095.75,95.6667
799.5,95.4167
599.917,86.875
653.154,83.6667
627.75,80.6667
648.333,79.6667
664.086,82.2074
611.192,76.7083
649.905,72.9048
638.533,70.2667
602.423,73.4054
398.778,67.5556
670.556,67.2222
541.333,64.3333
584.635,58.8229
621,46.6667
652.144,48.0261
642.905,36.0952
671.696,31.0882
1120.13,28.0635
1095.08,27.5
898.397,28.2051
955.3,26.0167
888.312,27.2431
652.699,26.5285
603.867,24.5
798.911,24.9111
740.333,23.3864
705.5,22.5417
878.314,23.5333
1039.75,22.6875
681.222,19.4444
597.5,19.5
1347.5,18.5
1124.83,19.0833
912.222,19
789.548,20.7619
780.479,21.8424
1087.56,19.2222
935.429,18.6429
1195.54,17.908
668.5,15.5
692.672,19.988
1113.88,13.9167
981.812,15.949
798.667,12.3333
614.101,14.2464
906.981,11.6346
879.961,10.8627
1145.83,11.9437
842.545,10.5728
770.5,8.41667
667.333,8.33333
748.5,5.5
1016.83,4.75
1272.33,0.333333
1247.83,1.08333
956.222,0.444444
932.222,0.444444
928.333,2.66667
837.352,1.86667
822.5,0.5
774.156,0.866667
749.238,0.47619
657.25,0.888889
