827.5,926.5
1063.43,912.765
1061.44,902.149
654.902,873.431
642.381,852.905
739.688,820.632
866.305,816.866
897.872,811.051
827.413,808.653
610.333,807.8
774.238,803.524
1016,801.391
1075.33,796.333
1023.22,796.556
984.524,790.762
645.444,790.222
664.133,779.133
588.5,733.5
690.4,725.441
696.133,718.089
814.643,714.5
1048.74,710.518
1128,709.917
700.333,706
1107.74,703.482
1068.38,703.423
751.889,703.044
962.8,699.384
1218.2,697.322
842.259,696
742,695.85
950.128,692.949
732.094,694.094
1024.95,690.982
876.929,680.893
830.889,678.044
1051.18,678.595
816.689,677.611
1036.92,675.917
1153.22,673.556
750.095,674
724.556,672.222
845.5,671
1326.5,668
1128.5,667.625
666,661.5
679.273,662.338
568.185,651.259
641,645.5
659.778,638.556
674.667,638.667
685.606,634.939
639.333,630.667
668.99,629.808
697.807,627.228
678.185,611.259
643.822,609.989
614.356,609.844
632.849,606.455
871.276,600.648
728.333,598.667
679.303,600.085
1052.14,596.691
826.705,598
622.75,596.25
1034.33,592.333
783.222,594.378
716.979,594.723
823.444,591.333
704.714,593.071
1345.99,591.638
1108.86,591.863
789.5,590.5
602,587.5
1294.41,587.973
964.185,588.604
614.556,587.222
1335.37,586.206
1193.26,585.262
953.253,585.621
335.286,585.071
1186.25,578.925
718.356,580.973
695.537,579.655
1165.58,574.889
687.333,573.846
1095.71,577.977
726.733,570.467
1178.5,570.133
1082.47,567.6
1350.13,567.333
1197.12,567.784
1170.5,566.5
986.056,566.722
1163.27,566.506
743.602,567.52
650.905,563.071
1178.57,560.431
1039.26,560.487
939.115,560.308
720.902,561.804
1165.27,558.533
1084.58,560.022
1190.79,558.529
766.14,559.863
823.579,556.228
1077.4,555.833
834.289,553.987
655.707,535.853
680.667,523.25
687.792,516.938
666.278,504.917
653.708,503.625
635.719,500.85
675.75,499.471
605.238,498.594
1236.05,489.872
598.081,489.578
1366.67,487
668.386,484.632
658.636,485.827
722.546,483.965
731.683,481.667
700.402,485.288
832.717,479.625
880.621,477.773
906.082,478.175
1095.61,476.036
746.718,476.136
756.037,473.881
1001.67,470.556
935.5,471
857.469,472.159
587.292,469.375
1154.57,469.55
992.961,470.667
980.599,467.389
843.029,467.751
989.333,463.667
687.788,464.758
814.511,464.378
629.117,460.367
602.351,460.614
867.101,458.845
611.559,456.634
1144.42,454.286
1133.85,453.493
675.267,451.467
1318.58,451.5
944.444,451.222
641.81,450.762
718.389,451.111
780.876,451.652
696.476,449.762
623.358,450.235
1008.22,456.51
1250.78,444.444
1073.5,444.656
670.515,444
682.687,444.082
1360.61,442.615
1039.27,444.728
642.5,441.5
620.121,440.485
696.951,440.912
711.125,436.723
694.747,432.552
707.238,424.613
709.333,408.381
635.133,404.133
656.333,400.333
624.476,397.238
710.292,394.375
665.762,393.524
638.385,395.949
689.225,391.396
579.667,393.411
676.216,387.255
667.5,385.5
659.477,387.207
641.731,384.868
702.946,379.28
624.318,377.182
735.318,375.682
726.471,374.971
1013.15,372.97
891.873,373.417
674.246,372.333
1121.13,368.667
1110.85,370.563
748.717,370.253
696.222,368.444
817.432,370.841
665.435,369.815
1051.67,367.667
860.211,369.236
781.8,367.844
1019.37,366.828
1002.56,369.417
652.062,367.312
641.385,369.141
1218.55,367.243
1184.12,366.936
975,366.5
882.679,367.475
869,365.267
813,365.095
1154.17,366.039
986.098,366.449
1168.99,365.22
1118.7,363.204
631.735,362.941
1196.94,365.162
759.74,363.062
1063.63,365.147
1027.32,359.71
937.247,359.948
923.5,357.5
1186.59,355.55
1012.93,354.391
673.5,353
645.64,355.802
1257.87,353.317
1281.38,352.059
1205.5,351
792.5,352.5
710.333,350.75
754.255,353.787
620.5,350
741.667,347.6
1390.89,346.778
1003.47,350.882
805.432,348.557
656.663,347.738
648.333,345
1158.28,345.731
713.533,344.267
1100.33,342.63
1115.58,350.167
1049.04,340.889
723.086,342.399
979.079,338.556
1379.78,337.778
1216.27,337.853
1139.5,336.867
1058.88,338.3
822.758,337.667
1265.99,338.153
1307.67,332.333
1274.05,335
1068.22,333.222
1175.26,332.357
834.014,333.056
1214.45,330.577
898.496,331.684
735.794,331.413
972.426,329.596
1224.74,330.411
1004.79,324.667
756.083,326.25
746.308,328.806
622.017,327.678
907.13,327.312
1231.72,326.505
1031.74,324.678
628.029,320.145
696.667,310.75
689.259,312.852
680.651,312.556
656.972,308.854
648.5,302.5
705.5,300
601,297.75
700.793,290.678
695.875,285.917
659.619,282.895
657.747,271.123
594.5,265.5
765.212,260.667
1062.13,260.333
988,259.5
675.575,259.931
618,257.5
1272.33,256.333
1251.5,257.5
1045.22,257.583
823.625,259.431
808.13,259.407
794.333,257.856
1074.5,254.5
1241.18,254.864
1171.5,254
946.477,255.225
869.362,257.35
844.172,256.853
1265.5,254
965.648,253.806
832.282,253.128
640.99,256.75
1139.5,252
756.128,252.513
934.5,251.5
729.095,250.905
1201.35,251.918
1187.09,252.469
872.074,248.778
1039.9,249.514
941.118,248.137
859.054,248.903
824.5,246.542
780.732,248.056
665.931,254.501
1100.07,247.886
988.474,248.193
974.187,248.081
744.81,245.714
959.756,246.848
709.108,248.137
1025.95,246.815
934.778,243.444
580.911,245.333
1056,242.222
880.556,242.235
788.85,241.55
750.167,242.5
1198.64,241.713
1002.85,241.98
703.836,240.766
644.594,239.217
1225.83,239.347
1183.64,238.379
827.441,239.145
755.658,237.556
838.375,239.431
818.5,235.75
1143.51,233.754
1024.59,235.05
876.159,234.812
1007.33,232.783
667.205,231.59
1098.03,230.36
1065,228
962,224.333
1110.22,224.532
881.754,222.614
593.758,226.894
1077.73,225.142
815.9,221.8
993.234,223.678
906.899,222.864
895.037,220
636.075,223.085
1124.77,220.099
1179.81,219.281
1096.33,216.667
754,217.733
623.556,216.778
981.915,218.448
1088.18,215.773
746.95,214.95
727.533,215.229
799.006,216.31
719.843,220.861
684.027,215.699
790.731,215.242
587.5,213
1109.82,212.59
961.518,212.281
1077.4,212.037
952.067,210.973
756.533,211.238
621.982,210.772
1180.81,209.286
1068.57,210.051
930.598,211.784
701.566,210.541
628.827,209.467
694.419,204.786
668.9,200.725
608.762,197.476
693,196.5
686,188
683.5,181.2
631.825,177.825
584.333,174.667
617.091,173.167
592.333,166.667
665.423,156.536
675.222,152.417
796.026,145.513
1010.87,145.133
786.333,144.667
844,144.667
1111.61,143.947
998.133,143.5
1031.06,141.394
979.5,141.325
1195.5,138.5
1067.6,140.238
1048.1,139.095
919.771,142.199
837.85,139.45
809.709,141.82
1257.76,138.19
893.606,138.061
795.978,139.237
780.642,140.103
907.117,139.711
1040.43,138.193
855.733,134.533
764.259,136.289
1084.7,133.6
1185.22,131.444
1102.5,131
1224.51,130.744
937.333,130.381
870.938,132.35
1133.4,131.2
1052.42,129.625
910,127.5
717.367,129.578
684.9,129.433
1060.03,130.941
970.133,127.133
862.211,127.982
656.333,127
882.348,128.015
1295.33,125.167
843.818,124.273
737.054,124.204
1158.64,120.318
976.731,119.538
752.306,117.639
728.667,115.75
1319.92,115.444
1168.19,116.192
1008.44,115.222
1118.26,112.357
881.984,112.698
687.873,113.643
1152.33,109.333
1107.33,111.216
760.377,110.493
1016.42,108.5
847.422,109.044
790.452,107.941
754.905,105.095
608.228,106.096
958.526,105.348
913.267,101.533
809.018,103.778
1142.63,103.604
780.4,100.8
1217.17,100
800.333,98.3333
904.786,96.9821
892.863,95.9608
928.024,97.107
713.95,95.0505
664.984,92.6066
633.101,90.5975
602.949,80.1282
641.644,75.7111
598.13,62.6296
512.939,48.3333
642.439,46.9697
632.778,40.4444
617.394,40.9394
658.4,34.0917
778.333,25.6667
937.122,25.8778
900.976,26.2143
1355.37,23.0741
1021.5,23
741.273,24.4091
591,22.6667
1106.33,24.4074
1033.82,24.2328
966.095,19.9048
874.42,20.7536
1246.67,18.6667
1186.71,23.4988
1128.41,20.7917
1073,19
1012.14,18.7451
921.746,18.8413
1174.67,17
1166,16.5
974.095,18.9048
1223.05,17.0714
722.167,15.8056
1002.78,15.2222
1333.33,14.6667
838.693,15.3867
552.667,15.4074
787.057,13.9645
627.222,12
1048.03,11.6667
1070.67,9.66667
849.043,11.1453
1151.5,10.2364
1140,9.7619
798.778,9.78788
607.19,8.71429
953.762,8.33333
1128.81,7.74074
748.41,7.59048
691.81,7.09524
1225.19,7.21429
789,6.60606
1080.58,5.42424
623.667,5.66667
1016.33,3.33333
856.45,4.00505
1097.9,3.39583
945.403,3.375
928.45,1.06667
802.2,0.666667
753.25,0.888889
673.19,4.7899
