627.5,1037
733.5,935.681
586.778,904.444
793.762,897.524
784.333,897.333
732.148,821.074
955.864,819.864
608,819
760.867,797.667
1071.19,796.625
1003,793.061
1113.89,792.044
1030.67,789.333
797.708,789.764
682,742.667
730.544,713.614
940.785,710.01
1246.67,707
953.677,707.191
880.667,703.422
739.542,703.569
1011.29,701.356
1173.44,703.909
994.19,697.81
686.747,693.465
744.098,691.431
1437,689
795.778,689.056
1182.06,685.394
958.222,685
658.882,685.01
675.408,684.728
737.467,676.324
883.111,671.133
715.375,667.708
708.267,663.533
586.6,656.633
682.793,651.927
678.578,638.745
667.918,635.837
636.218,633.962
641.646,629.5
782.222,602.556
1098.33,596.061
857.5,596
779.105,595.505
701.667,595.542
680.214,593.69
869,593.369
843.606,591.061
608.1,592.2
1144.41,590.958
1166.15,590.152
1177.44,587.667
835.23,587.575
813.799,586.053
805.465,585.474
1376.5,580.5
1343.5,580.5
1100.06,582.932
770.098,581.196
607.262,581.738
964.179,579.374
1405.67,576.667
846.553,577.386
857.667,573.333
1399.92,573.556
1152,566.667
966.359,568.514
1182,563
1133.13,563.845
1113.69,563.115
859.364,563.926
1124.5,563
956.494,563.797
780.689,562.964
602.242,561.333
770.136,560.483
721.714,559.071
1175.74,557.157
1014.7,554.701
713.96,553.265
606.895,544.636
642.594,541.551
597.353,528.92
700.926,523.37
344.333,522.667
631.667,513.889
699.919,511.319
684.117,509.7
703.333,503
695.957,496.567
726.926,491.259
933.267,487.467
618.874,489.575
572,486.5
776.558,488.208
1287.67,486.303
895.967,484.94
825.941,486.687
718.975,486.912
1009.29,481.356
704.815,481.259
1295.11,480.222
647.506,480.753
910.394,481.878
807.417,478.375
788.725,478.052
777.609,476.782
1052.77,475.569
676.171,475.477
956.308,470.836
946.6,465.55
663.193,463.754
336.476,462.762
678.844,462.871
721.5,459.5
711.556,455.148
1387.5,454.5
700.359,456.121
654.667,455.135
749.795,453.699
1136.04,451.393
736.133,451.567
1000.62,450.812
1196.75,449.933
905,450
766.567,449.052
1247.06,447.681
1053.61,447.886
1075.64,446.233
940.849,444.03
875.645,445.329
701.42,443.543
622.602,443.789
1070.02,442.086
921.137,440.255
946.524,439.867
580.5,439
695.565,429.728
680.442,412.43
688.333,408
638.556,407.222
570.926,402.37
699.098,399.676
667.622,403.099
665.111,390.178
689.804,391.007
636.333,385.667
645.405,380.444
789,374.5
720.717,375.1
836.848,374.943
778.222,372.444
1050.13,372.6
656.643,372.714
1177.32,372.879
1029.94,373.536
832.718,369.615
772.19,368.762
1120.13,370.553
1110.55,369.546
737.233,367.598
840.685,365.028
705.192,366.692
728.958,363.571
995.625,360.5
899.556,362.296
1009.19,361.568
777.632,361.117
1133.77,358.929
1181.76,356.476
1328.58,357.111
937.292,357.105
1018.24,354.658
652.833,355.188
1283.53,352.733
1125.37,352.587
674.864,352.463
1296.11,353.184
943.478,351.406
719.172,353.816
1319.9,348.676
1192.16,350.876
1165.63,350.435
1070.84,348.728
1056.83,347.667
617.5,345.5
1232.95,346.25
860.844,344.289
907.908,347.371
624.797,344.187
610.86,343.752
903.23,341.23
709.196,342.721
1176.85,342.58
1088.56,339.542
1002.5,342.107
959,339.19
681.155,341.527
792.852,337.074
734.185,339.715
1392.4,339.014
859.51,336.098
724.595,339.626
1103.88,335.204
1012.87,334.289
1132.48,332.444
823.297,333.594
706.467,331.733
602.383,334.224
1090.31,330.5
868.539,331.248
629.81,328.714
999.989,331.471
771.151,329.97
835.847,330.612
1073.67,328.081
1061.13,327.991
734.185,328.947
1172.71,327.779
1163.89,326.844
1234.56,325.556
778.826,326.393
616.642,317.528
593.917,309.917
653.5,307.5
638.167,299.917
682.324,301.362
674.726,298.726
613.356,296.985
702.644,292.678
684.75,279.667
599.754,283.251
686.324,270.278
662.4,266.267
974,260.667
802.741,260.519
947.333,260.569
839.033,260.633
748.196,260.098
963.356,259.902
826.4,257.933
620.5,256.5
991.533,255.733
1024.59,255.852
983.389,256.176
834.222,253.556
1137.59,254.793
949.736,253.746
848.347,253.8
1059.67,252
1010.22,251.627
1168.9,250.095
1392.31,249.944
1184,251.233
893.517,253.12
811.121,252.538
692.921,249.921
1382,246.667
1049.31,248.99
800.45,247.289
749,245.5
1236.44,245.222
968.078,249.255
625.042,246.062
617.035,247.899
1115.74,246.969
882.141,247.098
824.517,245.9
1228.41,247.518
699.577,244.615
733.432,245.955
1089.43,241.569
1035.85,244.831
996.351,241.772
986.222,241.667
908.928,241.391
977.522,240.097
812.485,240.139
1016.67,238.333
793.853,238.24
891.592,237.393
724.397,237.407
669.352,238.093
866.289,235.5
801.123,235.351
741.338,240.324
1231.28,233
1101.23,234.84
1242.22,234.792
1042.39,232.606
831.521,234.142
781.89,234.281
1024.19,231.143
1175.38,227.708
733.284,231.837
1008.44,227.222
899.605,228.798
1163.24,228.905
793.486,228.117
708.426,228.49
1076.33,223.667
903.095,222.905
870.224,224.156
750.556,222.222
697.626,224.414
1043.58,222.391
811,220.778
996.067,220.2
662.852,220.074
1026.85,219.767
1146.38,219.938
1032.67,217.667
673.162,220.8
636.222,217.556
980,216.5
1057.5,214
1047,214
760.044,218.576
748.22,215.698
990.614,213.667
674.185,213.741
877.01,213.375
1156.72,214.507
1139.33,209.667
628.745,217.011
1002.7,212.126
663.258,209.6
670.583,202.5
662.407,197.852
689,196
548.847,192.083
646.095,190
688.778,187.244
637.733,187.427
629.528,190.992
674.333,182.667
666.908,177.54
657.75,176.5
685.262,166.952
665.394,166
583.5,160.5
627.269,154.077
730.5,145.133
1024.22,142
950.5,141.5
890.818,144.424
715.905,141.905
873.962,140.321
801.536,140.476
703.561,140.465
667.333,139
640.578,139.578
841.058,139.858
1229.5,136.5
1105.55,138.692
903.5,137.635
881.5,137.133
855.237,136.914
1292.11,136.758
1169.99,140.114
966.372,139.765
891.778,134.444
614.667,134.242
756.216,133.745
1062.51,132.844
955.851,132.935
714.467,131.267
685.689,132.489
624.128,130.949
1261.04,129.889
742.556,128.778
832.762,131.223
605.141,129.793
784.5,126
749.708,130.296
818.598,126.419
1225.5,123.5
719.982,123.667
982.542,122.646
941.956,123.939
911.267,120.467
678.533,121.733
930.275,119.594
841.825,119.349
791.305,120.626
740.975,120.192
670.763,121.737
570.5,120
852.542,118.389
969.222,116
1048.33,115.583
712.333,115.75
803.296,114.593
1132.22,112.444
745.718,112.872
1002.06,112.394
1160.1,108.905
823.867,108.667
837.889,110.451
1063.43,105.431
796.602,108.553
777,105.095
736.19,109.289
694.531,107.207
987,102
902.447,104.163
1344.4,102.413
825.055,101.574
980.667,98.6667
917.813,99.6933
760.095,98.0952
732.459,102.348
407.667,98
860.148,95.9259
618.5,90.5
599.281,92.0175
675.5,88.85
659.667,48.3333
586.267,43.6667
650.067,43.1111
665.484,41.1376
1319.56,27.1795
1053.61,26.9394
1012.5,26.5
903.267,26.4667
893.733,27
1063.42,26.5778
773.018,26.614
883.504,26.7481
1312.78,23.4444
765.778,26.0889
726,26.2846
1001.87,22.5
933.797,23.6812
915.089,23.3111
752.083,23.5
955.563,24.6197
673.22,22.5319
830.053,20.0789
764.667,18.75
719.225,20.2162
623.222,20.2222
1018.74,18.6429
1099.49,22.8796
936.194,16.6944
686.054,17.9456
700.309,15.8642
899.707,14.2929
818.5,12.1667
805.846,10.735
725.062,10.0417
710.8,8.43333
1152.53,8.4902
927.867,11.0299
602.65,13.4317
672.301,8.91398
952.276,7.27619
829.25,6.33333
1299.07,5.97101
875,4.5
1098.26,2.18452
1050.41,3.10606
1020,2
851.333,0.333333
818.821,2.38095
773.754,2.77778
685,0.904762
659.267,0.466667
