979.432,918.068
666.5,915.5
966.867,915.133
1077.22,913.919
1005.75,815.136
670,807
940.536,801.048
1045.96,797.958
675.333,792.667
732,786.815
1125.8,786.145
674.81,785.952
1016,782.667
688.333,762.667
635.5,747.5
730.458,715.167
912.067,714.027
1044,710.556
1138.92,704.833
1053,703.5
876.397,704.789
864.274,699.844
1344.38,697.583
816.489,698.439
1172.56,694.59
791.678,694.146
714.975,692.383
798.5,688.682
970.5,685.417
1114.37,681.614
583.533,678.4
932.273,671.5
678.095,663.905
695.197,661.051
693.417,647.222
665.255,645.863
677.379,643.288
320.744,627.667
693.139,621.042
704,616.5
320.444,607.222
674.577,606.154
671.133,600.667
870.128,598.949
1113.29,598.81
904.867,598.5
1056.69,595.944
735.111,595.611
797.996,596.582
1079.33,591.833
767.076,592.931
1021.79,591.562
867.921,590.444
1175.3,588.303
1052.67,588.758
616.435,591.021
935.43,587.495
778.193,584.737
787.704,581.926
1381.43,577.431
949.04,578.904
1023.46,576.899
1008.89,573.956
1225.47,576.763
730.217,573.38
752.258,568.224
1088.47,567
760.5,566
910.556,563.889
331.333,563.333
883.905,563.095
818.551,564.145
1347.29,562.81
1409,562.5
691.276,562.26
1139.11,561.667
809.037,560.753
733.232,562.631
902.808,558.232
1402,558.24
1092.75,557.75
1082.65,557.392
919.2,553.467
705.233,552.501
638.912,550.351
603.062,538.042
612.958,535.861
686.897,531.282
654.3,526.775
682.268,520.384
686.421,509.249
585.95,498.933
696.631,502.159
1029.3,484.278
875.855,486.29
848.968,482.77
816.716,481.296
740.417,481.824
752.201,482.132
1038.91,478.394
898.23,478.139
814.667,475.333
833.656,481.622
679.214,474.929
1372.22,470
1219.06,464.678
966.524,464.238
1036.35,463.911
950.206,463.167
755.394,462.061
697.493,463.085
977.343,459.41
854.533,456.267
860.634,457.22
1247.44,453.778
1153.49,454.744
646,452.778
1258.39,453.754
795.226,453.484
1323.33,447.333
783.485,449.182
668.94,456.358
1032.8,449.247
839.321,448.963
908.382,446.716
1146,445.785
817.704,442.901
663.323,443.312
921.594,441.655
687.33,436.906
704.778,429.444
710.844,421.24
644.667,418.667
616.818,414.667
652.163,412.014
700.704,407.444
710.074,395.5
654.216,391.405
667.511,385.889
711.089,384.889
614.185,384.259
358.824,381.549
709.852,377.074
698.947,377.93
1021.2,375.054
1091.4,373.9
691.393,376.631
1039.54,374.022
607.051,374.855
749.778,371.311
1154.29,369.356
1084.94,370.042
1027.9,370.804
738.275,369.902
1202.06,369.611
1161.05,368.523
790.632,367.614
1110.45,367.676
1103.33,365.333
971.063,367.897
961.893,367.107
1367.44,366.796
638.667,364.667
1017.22,364.778
749.159,365.072
1211.78,364.244
935.24,364.26
838,362.5
599.444,362.778
593.875,363.917
713.04,364.62
897,360.5
953.154,360.009
904.095,358.095
804.28,361.647
606.667,357
1263.96,356.137
1131.61,357.111
1114.77,357.997
1103.45,355.85
827.312,359.071
1026.26,356.167
1060.16,356.475
747.696,355.85
685.646,353.5
1048.97,354.534
710.556,352
735.7,350.5
1063.44,348.222
760.259,354.336
586.508,348.968
1196.83,348.222
859.038,345.962
880.348,346.176
1211.76,346.437
1094.56,346.708
730,343.333
1071.96,341.889
718.333,339
1366.22,336.444
1086.1,340.147
1334.94,336.594
1047.47,335.792
914.556,333.778
712.381,338.19
1305.63,333.074
1114.5,332.5
1064.31,333.603
825.542,334.806
742.583,332.5
1035.43,331.569
1319.1,332.327
1197.68,330.562
981.061,330.915
991.326,332.722
758.515,329.212
734.333,329.685
1018.42,330.444
1105.68,329.536
767.618,329.03
1009.14,326.859
714.467,324.267
688.187,324.067
692.926,315.37
527.278,316.542
710.089,316.415
616.333,294.667
603.778,291.178
613.895,277.649
689.444,273.222
627.53,272.581
705.242,269.601
961.25,260.639
919,260.5
717,260.5
1214.67,259.667
685.57,261.785
1006.61,259.061
977.891,258.081
727.418,257.66
698.522,257.812
898.667,254.733
849.712,255.045
839.718,255.077
1017.35,253.825
777.161,254.816
1043.49,253.097
871.807,249.807
859.722,252.037
645.627,249.784
924.277,250.42
1211.53,246.267
910.779,249.572
741.5,245.5
802.298,247.186
636.264,246.438
616.333,243
1278.36,243.143
749.92,244.23
1414.69,242.296
981.867,240.667
699.273,242.167
1225.49,240.745
813.63,239.074
758.183,243.122
970.863,238.275
768.745,249.421
666.317,240.573
959.641,238.538
890.056,236.167
1143,235.5
1032.82,234.355
1120.94,230.879
948.941,229.716
931.667,230.557
834.966,229.77
817.299,230.826
979.214,227.69
918.726,234.837
1014.94,230.318
968.5,224.867
792.773,226.167
682.5,224.5
631,224.778
1097.24,226.005
656.525,234.726
1180.48,223.652
1232.87,221.974
1079.45,223.727
981.5,218.5
1067.48,221.737
1202.38,219.505
1126.79,218.315
1008.86,217.5
720.951,218.207
940.672,221.071
786.314,217.349
702.284,216.765
1028.2,214.291
840.259,214
829.352,225.077
1160.6,213.382
820.256,214.078
775.407,210.296
1034.41,209.507
753.82,210.436
637.68,209.707
1025,206.5
636.722,197.361
651.778,195
683.444,174.704
587.667,173.333
688.29,167.549
579.264,166.54
630.965,157.386
662.03,155.152
682.392,153.021
674.333,149.667
663.778,149.333
691.778,142.556
1272,141.778
1140,141.667
1023.58,142.578
778.267,143.827
999.45,140.933
755.75,140.479
1150.36,140.625
603.778,138.444
1278.72,139.103
682.074,138.37
742.169,138.484
817.036,137.774
699.467,137.707
1225,134.5
1008.98,138.127
806.199,137.576
1043.13,134.411
1031.26,137.006
775.333,134.333
758.911,134.178
826.806,135.054
999.067,133.027
832.778,130.556
1170.93,130.852
1061.36,132.585
902.24,130.74
1222.04,129.137
662.543,129.58
1365.73,126.533
1046.13,126.667
1128.33,126.667
1009.55,126.286
846.147,124.026
767.18,126.693
745.657,123.111
656.417,122.5
821.369,122.94
1088.67,120.25
1231.13,118.8
838.13,116.837
1005.57,113.431
978.727,113.227
936.482,118.871
917.768,113.667
814.222,112.444
703.984,117.45
659.75,114.25
1217.67,111.333
1022.82,113.816
948.262,112.643
615.96,115.116
1166.28,111.767
755.667,109.667
773.026,111.042
825.41,108.897
720.482,108.852
1067.56,108.458
931.676,108.695
750.222,106.444
1202.2,106.267
1059.78,106
955.37,106.074
787.392,107.333
659.482,105.259
874.69,103.786
702.614,105.26
1215.38,102.292
630.895,103.648
1161.8,102.4
1136.49,101.369
1078.36,100.964
960.267,98.5333
753.863,100.752
1252.98,100.326
1185.16,100.178
972.174,103.648
738.781,100.519
864.21,98.6151
714,99
640.475,97.2
599.872,91.9487
659.453,93.3419
635.667,90.8667
674.222,80.4444
588.222,76.5556
610.292,71.9583
659.825,67.7719
640.98,71.2008
557.051,61.4487
627.5,46.5
645.569,30.0392
998.111,26.3889
974.75,24.75
964,25.7204
950.943,25.4138
1188.5,23
753.859,23.7677
682.224,24.1379
1115.62,21.6
924.498,24.4143
1223.4,21.4823
777,19.45
914.569,19.6732
897.154,18.6667
701.404,18.5526
1167.88,17.2857
1017.6,17.3431
954.426,15.9167
882.137,15.0392
865.882,19.1792
1286.41,14.3077
649.5,12.5
1070.13,14.2579
731.028,14.8981
1219.33,10.619
1001.23,12.461
931.587,12.5778
905,8.5
916.836,10.3333
664.081,10.3468
710.333,7.13333
645.12,7.58667
989.351,5.7193
1265.04,2.38596
1024,0.333333
905.651,1.8254
866.333,2.23529
764,0.777778
698.386,0.964912
