1057.22,940.926
1376.5,934
754,904.556
612,890
587.467,859.267
698.75,830
749.667,827.667
933.639,818.556
755.606,813.939
798.846,812.564
1135.33,811.175
1029,797
824.333,790
1047.77,785.739
659.614,786.228
656.576,714.242
1000.67,707.333
1008.86,707.841
728.5,706.5
719.714,706.929
979.366,707.43
967.23,705.5
768.095,700.976
974.125,695.625
767.227,691.621
830.543,689.716
866.344,686.354
708.824,685.915
987.738,685.063
784.5,678.238
744.833,674.533
897.436,672.333
733.259,670.518
910.575,671.677
682.444,670.222
1094.2,672.463
668.889,656.091
622.879,652.424
703.667,649.667
662.772,636.276
701.185,631.398
687.65,622.276
652.667,619.667
661.917,612.156
638.333,606.815
625.083,606.167
1135,598.667
1125.92,601.377
1211.65,597.938
996.697,596
749.145,597.725
780.149,594.83
791.667,591.667
893.116,591.507
1139.79,590.231
774.018,587.333
904.996,588.193
808.733,583.533
1365.93,582.933
707,582.762
1126.12,580.465
1375.4,578.613
999.571,577.19
794.749,578.311
785.797,574.217
1094.14,568.262
1120.87,566.667
881.157,568.389
1157.54,568.08
598.556,566.222
1016.78,563.444
815.012,566.267
1147.45,563.333
992.938,564.586
578.778,560.444
1388.5,560
1086.99,561.313
1025.66,558.575
1144.89,557.123
1037.71,557.529
872.508,557.333
863.637,556.948
1137.99,555.16
640.365,553.619
686.12,554.51
640.386,529.93
708.851,528.708
624.384,522.87
682.829,501.362
654.475,500.206
581.333,494.667
718.026,494.667
699.067,494.773
689.815,498.67
710.667,487
1027.54,486.767
848.15,484.85
700.467,484.267
858.222,480.444
834.263,485.896
759.396,480.847
750.411,483.066
1312.29,479.625
947.87,481.095
934,480.167
724.963,482.838
680.82,484.326
1266.47,478.821
869,477
836.781,477.609
802.502,478.201
714.741,476.517
737.556,478.345
987.747,471.07
772.333,467
1032.11,464.611
781.065,467.5
598,465
1179.7,462.556
1048.18,463.167
709.897,464.718
617.024,463.643
560.449,463.116
1017.91,461.93
647.977,462.537
776.714,455.071
753.5,454.583
743.437,459.77
609,454.667
790,453.703
1074.36,449.429
967.667,450.099
951.589,450.546
570.333,448.333
1289.86,449.292
724.961,447.373
1085.66,447.813
959.5,444.5
934.667,443
1104.44,443.039
675,442.259
706.833,439.667
644.097,440.208
719.603,438.901
663.677,434.576
636.671,434.2
613,428.5
674.5,428.5
657.398,424.054
714.425,417.77
697.5,417.468
686.248,412.296
710.704,407.185
601.255,406.549
677.18,402.359
696.039,386.902
688.206,381.892
662.13,381.528
988.984,375.175
794.926,373.519
630.5,371.5
930.958,373.026
1064.13,372.221
1052.08,370
1209.01,370.117
1135.41,369.275
756.039,371.596
642.556,369.079
1155.22,368.526
747.772,368.8
701.98,368.451
672.374,367.259
1144.82,368.715
1106.33,365.926
843.841,366.992
735.236,365.125
689.489,363.8
928.333,361.6
915.42,363.072
799.23,364.874
554.429,363.397
866,361.5
1143.33,357.333
1094.32,359.992
1078.28,360.07
706.333,357.333
899.912,357.86
878.027,359.735
1190.23,356.9
1332.54,355.953
1152.02,355.302
778.518,355.741
1201,353.606
1160.33,352.333
1048.97,355.678
768.444,354.222
736.444,353.222
1085.56,353.855
1413.52,353.707
1027.33,356.242
841.762,350.524
755.936,352.626
634.5,350.5
906.257,349.737
1017.82,349.736
811.333,346.667
803.051,347.103
1219.36,348.674
1211.33,343.333
1039.5,345.4
882,344.874
946.238,340
1053.51,339.754
1125.78,338
1199.42,337.938
1047.25,336.889
1139.77,338.315
624.979,336.269
881.431,334.608
700.797,336.217
1103.93,332.633
1211.13,334.026
663.15,331.3
1304.56,328.641
867.003,330.726
721.159,328.188
856.144,329.839
692.8,325.1
624.467,325.733
617.111,326.111
1007.3,323.545
706.915,323.467
628.905,321.095
713.594,320.562
698.062,318.086
680.778,311.444
359.643,309.738
653.466,304.555
664.435,298.571
654.889,288.956
626.932,287.542
697.255,272.784
664.333,272
636.908,271.507
581.133,267.867
692.086,266.151
899.667,260.833
845.292,260.903
1057.39,260.061
772.974,260.231
805.778,257.756
627.333,256.333
898.556,256.111
619.602,257.957
981.569,258.446
670.155,256.607
1067.18,255.451
846.031,253.891
969.215,256.36
835.5,249.583
1165.51,250.893
922.713,255.502
912.511,253.406
799.121,250.273
723.65,251.712
952.333,251.24
1143.78,246.444
696.538,248.385
688.778,248
1056.64,246.564
1019.12,252.036
969.518,246.241
710.919,246.187
603.807,245.667
943.213,246.466
1010.16,249.749
885.826,244.918
717,243.222
950.533,242.373
1078.93,241.693
1362.25,240
809.679,238.47
720.733,237.511
675.711,238.556
1099.5,236
942.667,235.333
1136.82,241.313
694.351,235.93
1067.33,232.333
749.389,234.651
1221,232
587.065,235.151
766.724,235.054
801.272,232.888
711.167,231
820.5,230
1076.5,228
777.222,230.53
760.354,228.688
1143.67,227.688
1086.23,227.175
752.682,227.682
957.693,231.757
654.474,230.378
1055.71,224.956
731.5,223.345
600.625,223.25
845.111,221.044
695.32,222.103
666.133,221.433
1217.42,221.678
759.816,220.874
1060.05,219.128
1187.73,219.683
630.556,218.898
790.584,219.997
1035.88,215.917
886.875,216.448
1142.87,216.711
812,213.5
777.806,217.095
1026.77,217.311
921.732,214.762
857.469,216.946
659.667,212.744
1232.33,211
1130.37,212.357
1042.29,214.424
729.461,214.402
876.59,211.5
1017.27,213.043
820.081,209.535
704.808,211.537
633.294,209.392
626.458,206.438
660.062,196.958
648.758,186.333
578.963,189.741
624.417,174.5
616.905,163.905
685.969,167.755
673.583,158.5
652.305,161.295
692.133,152.133
647.484,152.059
611.796,148.118
1211.5,144.5
920.03,145.152
657.5,145
627.591,146.545
1051.36,143.84
717,141.778
810.248,142.504
782.919,142.415
970.524,141.389
855.37,140.309
1144.9,138.346
884.623,138.341
866.564,140.609
1286.67,136.333
913.58,139.543
846.812,138.449
924.755,139.52
1113.91,135.93
898.167,134.227
1129.87,136.25
616.815,133.259
712.25,133.803
841.267,132.981
1008.71,132.548
759.464,133.78
726.5,130
596.476,130.238
1123.67,130
1061.68,128.117
1027.83,129.222
799.81,127
735.875,128
699.569,126.305
1160.38,124.754
812.863,125.794
777.316,125.534
909.123,123.981
956.766,128.973
750.567,124.301
616.708,121.625
1062.67,119.667
804.273,120.667
727.684,121.855
1195.9,119.095
1042.8,119.922
965.6,120.65
883.14,119.746
838.494,119.557
1132.25,119.705
1076.97,117.845
650.283,115.657
1189.78,112.444
1100.25,113.196
973.228,115.519
830.061,113.394
1261.21,112.143
1063.72,112.5
761.115,112.077
1165.04,111.292
911,112.349
983.246,109.797
950.622,113.243
702.036,109.167
739.556,109.079
1082,106
893.627,107.533
530.5,104.5
877.859,105.253
772.289,107.474
1166.2,103.172
1074.07,102.63
1016.33,102.667
981,102.333
1060.22,102.077
758,102.321
776.5,98.2778
692.222,98
1245.5,97
1052.67,96.1176
748.928,98.3489
586.556,91.1111
667.095,83.619
570.889,76.75
640.506,75.5064
595.444,65.7778
576.667,66.25
624.235,43.4402
539.778,38.6667
622.931,29.5694
1184.5,26.5
962.222,26.5556
1002.5,26
830.29,26.8551
747.273,26.7424
1056.13,25.8889
642.482,26.2593
972.152,25.8333
1082.47,23.9333
894.708,23.5139
859.07,23.0877
1006,22
951,22.3333
611.619,22.7381
694.186,24.8431
1223.5,18.5
886.758,19.2121
743.513,19.2564
704.217,19.9333
822.436,20.6667
812.439,21.9048
588.444,17.7778
1111.71,18.4545
928.007,21.4227
699,16.3333
936,15.75
719.282,20.4647
787.778,12.037
693.5,11.5
908.233,11.5333
1002.5,8.5
728.581,12.1805
930.683,7.31746
651.924,7.4697
1139.15,6.33333
995,4.77778
774.205,5.74359
916.125,4.53125
1266.5,0.777778
1089.57,1.19048
986.676,1.58559
685.25,0.666667
