# data format,5,
#,7,7,49,40,40,8,8,
#  xx,   yy, zz,   uu,   vv, ww,
    8,    8,  0,   -5,   -4,  0,
   48,    8,  0,   -2,   -5,  0,
   88,    8,  0,    5,   -4,  0,
  128,    8,  0,   -5,    5,  0,
  168,    8,  0,    0,    0,  0,
  208,    8,  0,    2,   -5,  0,
  248,    8,  0,    5,    5,  0,
,
    8,   48,  0,    5,    2,  0,
   48,   48,  0,   -5,    4,  0,
   88,   48,  0,    4,   -5,  0,
  128,   48,  0,   -4,    5,  0,
  168,   48,  0,    5,   -2,  0,
  208,   48,  0,    0,    0,  0,
  248,   48,  0,   -1,   -5,  0,
,
    8,   88,  0,   -5,   -2,  0,
   48,   88,  0,   -5,   -1,  0,
   88,   88,  0,   -5,   -3,  0,
  128,   88,  0,    5,   -5,  0,
  168,   88,  0,   -5,   -3,  0,
  208,   88,  0,   -5,   -3,  0,
  248,   88,  0,    4,   -5,  0,
,
    8,  128,  0,   -2,    5,  0,
   48,  128,  0,   -5,   -4,  0,
   88,  128,  0,   -3,    3,  0,
  128,  128,  0,   -5,   -4,  0,
  168,  128,  0,    0,    0,  0,
  208,  128,  0,   -5,    4,  0,
  248,  128,  0,   -5,    5,  0,
,
    8,  168,  0,    5,    5,  0,
   48,  168,  0,   -5,   -2,  0,
   88,  168,  0,   -5,    4,  0,
  128,  168,  0,    0,    0,  0,
  168,  168,  0,   -5,   -5,  0,
  208,  168,  0,   -3,   -1,  0,
  248,  168,  0,   -5,   -4,  0,
,
    8,  208,  0,   -4,   -2,  0,
   48,  208,  0,    5,   -3,  0,
   88,  208,  0,    5,    5,  0,
  128,  208,  0,   -3,    2,  0,
  168,  208,  0,   -5,    5,  0,
  208,  208,  0,   -1,    3,  0,
  248,  208,  0,    2,   -3,  0,
,
    8,  248,  0,    2,   -5,  0,
   48,  248,  0,   -3,   -4,  0,
   88,  248,  0,    3,   -5,  0,
  128,  248,  0,    5,   -5,  0,
  168,  248,  0,   -5,    1,  0,
  208,  248,  0,    1,   -5,  0,
  248,  248,  0,   -5,   -5,  0,
,
